ReocrdTime: _20250426_113244
IntegrationTime: 200
DataLength: 7305
accumulateCount: 1
Wavelength,Data
195.889,0,
195.938,0,
195.987,31,
196.037,23,
196.086,25,
196.135,14,
196.184,-9,
196.233,22,
196.283,-15,
196.332,18,
196.381,7,
196.43,-11,
196.479,31,
196.529,14,
196.578,40,
196.627,9,
196.676,34,
196.725,29,
196.774,-15,
196.824,0,
196.873,-8,
196.922,45,
196.971,5,
197.02,15,
197.069,-16,
197.118,19,
197.168,7,
197.217,13,
197.266,7,
197.315,53,
197.364,-13,
197.413,12,
197.462,-2,
197.511,20,
197.56,28,
197.609,14,
197.658,-6,
197.707,25,
197.756,25,
197.805,-5,
197.854,1,
197.904,17,
197.953,18,
198.002,5,
198.051,0,
198.1,17,
198.149,13,
198.198,31,
198.247,43,
198.296,38,
198.345,24,
198.393,14,
198.442,25,
198.491,16,
198.54,31,
198.589,23,
198.638,29,
198.687,36,
198.736,34,
198.785,5,
198.834,34,
198.883,24,
198.932,50,
198.981,53,
199.03,27,
199.079,31,
199.127,18,
199.176,34,
199.225,23,
199.274,22,
199.323,2,
199.372,77,
199.421,25,
199.47,-15,
199.518,26,
199.567,12,
199.616,36,
199.665,7,
199.714,2,
199.763,33,
199.811,18,
199.86,46,
199.909,11,
199.958,-4,
200.007,22,
200.055,16,
200.104,11,
200.153,9,
200.202,13,
200.25,-5,
200.299,27,
200.348,12,
200.397,26,
200.445,25,
200.494,17,
200.543,28,
200.592,6,
200.64,-16,
200.689,7,
200.738,14,
200.787,-5,
200.835,27,
200.884,29,
200.933,36,
200.981,11,
201.03,14,
201.079,38,
201.127,27,
201.176,48,
201.225,26,
201.273,22,
201.322,5,
201.371,25,
201.419,49,
201.468,37,
201.516,29,
201.565,6,
201.614,52,
201.662,28,
201.711,-7,
201.759,7,
201.808,-4,
201.857,44,
201.905,25,
201.954,79,
202.002,48,
202.051,26,
202.099,31,
202.148,23,
202.197,11,
202.245,36,
202.294,0,
202.342,36,
202.391,30,
202.439,54,
202.488,18,
202.536,52,
202.585,31,
202.633,19,
202.682,21,
202.73,36,
202.779,28,
202.827,32,
202.876,21,
202.924,28,
202.973,41,
203.021,25,
203.069,17,
203.118,50,
203.166,34,
203.215,24,
203.263,39,
203.312,54,
203.36,42,
203.408,43,
203.457,22,
203.505,25,
203.554,0,
203.602,20,
203.65,9,
203.699,29,
203.747,4,
203.795,58,
203.844,41,
203.892,34,
203.941,49,
203.989,33,
204.037,18,
204.086,38,
204.134,29,
204.182,70,
204.23,39,
204.279,61,
204.327,25,
204.375,30,
204.424,45,
204.472,31,
204.52,40,
204.569,20,
204.617,24,
204.665,38,
204.713,54,
204.762,52,
204.81,7,
204.858,58,
204.906,40,
204.955,45,
205.003,29,
205.051,27,
205.099,46,
205.147,86,
205.196,40,
205.244,62,
205.292,49,
205.34,29,
205.388,66,
205.437,73,
205.485,50,
205.533,59,
205.581,41,
205.629,53,
205.677,38,
205.725,41,
205.774,30,
205.822,93,
205.87,24,
205.918,34,
205.966,59,
206.014,75,
206.062,52,
206.11,43,
206.158,47,
206.207,52,
206.255,16,
206.303,67,
206.351,40,
206.399,47,
206.447,79,
206.495,37,
206.543,48,
206.591,50,
206.639,32,
206.687,58,
206.735,61,
206.783,36,
206.831,45,
206.879,60,
206.927,32,
206.975,51,
207.023,43,
207.071,52,
207.119,36,
207.167,55,
207.215,64,
207.263,39,
207.311,60,
207.359,43,
207.407,72,
207.455,77,
207.503,54,
207.551,44,
207.599,54,
207.646,83,
207.694,25,
207.742,30,
207.79,65,
207.838,55,
207.886,75,
207.934,81,
207.982,40,
208.03,66,
208.077,56,
208.125,90,
208.173,50,
208.221,52,
208.269,51,
208.317,64,
208.365,34,
208.412,58,
208.46,43,
208.508,48,
208.556,75,
208.604,80,
208.651,34,
208.699,45,
208.747,38,
208.795,34,
208.843,54,
208.89,95,
208.938,91,
208.986,66,
209.034,32,
209.081,54,
209.129,48,
209.177,66,
209.225,76,
209.272,47,
209.32,56,
209.368,61,
209.415,38,
209.463,117,
209.511,81,
209.559,52,
209.606,47,
209.654,70,
209.702,66,
209.749,83,
209.797,52,
209.845,65,
209.892,52,
209.94,79,
209.988,83,
210.035,50,
210.083,33,
210.13,67,
210.178,90,
210.226,101,
210.273,99,
210.321,69,
210.368,5,
210.416,67,
210.464,83,
210.511,90,
210.559,90,
210.606,115,
210.654,50,
210.701,74,
210.749,77,
210.797,77,
210.844,65,
210.892,73,
210.939,75,
210.987,78,
211.034,63,
211.082,95,
211.129,75,
211.177,63,
211.224,78,
211.272,102,
211.319,86,
211.367,73,
211.414,72,
211.462,137,
211.509,65,
211.556,93,
211.604,106,
211.651,62,
211.699,93,
211.746,66,
211.794,95,
211.841,120,
211.889,114,
211.936,76,
211.983,54,
212.031,68,
212.078,61,
212.125,111,
212.173,90,
212.22,108,
212.268,92,
212.315,106,
212.362,175,
212.41,206,
212.457,159,
212.504,138,
212.552,111,
212.599,104,
212.646,117,
212.694,96,
212.741,104,
212.788,95,
212.836,104,
212.883,95,
212.93,106,
212.977,74,
213.025,117,
213.072,54,
213.119,97,
213.167,101,
213.214,89,
213.261,113,
213.308,135,
213.356,92,
213.403,138,
213.45,77,
213.497,116,
213.544,72,
213.592,79,
213.639,88,
213.686,91,
213.733,102,
213.78,66,
213.828,99,
213.875,110,
213.922,75,
213.969,113,
214.016,86,
214.063,100,
214.111,75,
214.158,70,
214.205,70,
214.252,97,
214.299,88,
214.346,102,
214.393,131,
214.44,136,
214.488,77,
214.535,86,
214.582,102,
214.629,88,
214.676,72,
214.723,86,
214.77,122,
214.817,85,
214.864,75,
214.911,94,
214.958,104,
215.005,106,
215.052,88,
215.099,101,
215.146,122,
215.193,79,
215.24,89,
215.287,127,
215.334,124,
215.381,123,
215.428,93,
215.475,81,
215.522,61,
215.569,70,
215.616,97,
215.663,113,
215.71,105,
215.757,73,
215.804,106,
215.851,75,
215.898,113,
215.945,131,
215.992,88,
216.039,100,
216.085,108,
216.132,86,
216.179,118,
216.226,89,
216.273,79,
216.32,120,
216.367,118,
216.414,122,
216.461,93,
216.507,113,
216.554,107,
216.601,116,
216.648,128,
216.695,143,
216.742,121,
216.788,120,
216.835,76,
216.882,86,
216.929,108,
216.976,103,
217.022,133,
217.069,128,
217.116,86,
217.163,105,
217.209,118,
217.256,156,
217.303,115,
217.35,64,
217.396,97,
217.443,108,
217.49,125,
217.537,131,
217.583,145,
217.63,93,
217.677,84,
217.724,88,
217.77,102,
217.817,169,
217.864,112,
217.91,113,
217.957,102,
218.004,120,
218.05,122,
218.097,140,
218.144,69,
218.19,88,
218.237,106,
218.283,88,
218.33,142,
218.377,106,
218.423,122,
218.47,91,
218.517,62,
218.563,131,
218.61,113,
218.656,123,
218.703,125,
218.75,103,
218.796,131,
218.843,138,
218.889,207,
218.936,82,
218.982,101,
219.029,104,
219.075,107,
219.122,117,
219.168,138,
219.215,138,
219.261,131,
219.308,150,
219.354,134,
219.401,147,
219.447,121,
219.494,90,
219.54,79,
219.587,84,
219.633,134,
219.68,136,
219.726,119,
219.773,127,
219.819,74,
219.866,133,
219.912,93,
219.958,157,
220.005,156,
220.051,155,
220.098,114,
220.144,108,
220.19,131,
220.237,177,
220.283,134,
220.33,103,
220.376,110,
220.422,102,
220.469,171,
220.515,98,
220.561,106,
220.608,108,
220.654,138,
220.7,109,
220.747,154,
220.793,229,
220.839,125,
220.886,140,
220.932,109,
220.978,188,
221.025,199,
221.071,240,
221.117,196,
221.163,228,
221.21,174,
221.256,161,
221.302,156,
221.348,147,
221.395,134,
221.441,149,
221.487,110,
221.533,151,
221.58,142,
221.626,170,
221.672,235,
221.718,206,
221.764,169,
221.811,158,
221.857,206,
221.903,154,
221.949,100,
221.995,138,
222.041,149,
222.088,154,
222.134,147,
222.18,124,
222.226,127,
222.272,159,
222.318,147,
222.364,147,
222.411,100,
222.457,135,
222.503,134,
222.549,149,
222.595,195,
222.641,136,
222.687,149,
222.733,156,
222.779,127,
222.825,153,
222.871,158,
222.917,184,
222.963,135,
223.009,125,
223.055,124,
223.102,160,
223.148,165,
223.194,163,
223.24,108,
223.286,138,
223.332,100,
223.378,179,
223.424,153,
223.469,183,
223.515,126,
223.561,149,
223.607,148,
223.653,108,
223.699,187,
223.745,163,
223.791,112,
223.837,134,
223.883,122,
223.929,146,
223.975,131,
224.021,135,
224.067,83,
224.113,163,
224.158,138,
224.204,165,
224.25,222,
224.296,131,
224.342,183,
224.388,141,
224.434,131,
224.48,167,
224.525,147,
224.571,163,
224.617,121,
224.663,150,
224.709,147,
224.754,154,
224.8,131,
224.846,112,
224.892,124,
224.938,131,
224.983,147,
225.029,129,
225.075,122,
225.121,151,
225.167,131,
225.212,106,
225.258,151,
225.304,131,
225.35,126,
225.395,136,
225.441,145,
225.487,169,
225.532,136,
225.578,128,
225.624,113,
225.67,163,
225.715,156,
225.761,142,
225.807,163,
225.852,112,
225.898,156,
225.944,138,
225.989,157,
226.035,135,
226.08,127,
226.126,156,
226.172,129,
226.217,167,
226.263,147,
226.309,185,
226.354,189,
226.4,192,
226.445,184,
226.491,197,
226.537,163,
226.582,201,
226.628,124,
226.673,162,
226.719,144,
226.764,140,
226.81,135,
226.855,149,
226.901,186,
226.947,223,
226.992,224,
227.038,190,
227.083,162,
227.129,183,
227.174,176,
227.22,157,
227.265,171,
227.311,184,
227.356,174,
227.402,181,
227.447,104,
227.492,165,
227.538,151,
227.583,168,
227.629,149,
227.674,161,
227.72,147,
227.765,179,
227.81,126,
227.856,165,
227.901,145,
227.947,176,
227.992,125,
228.037,140,
228.083,181,
228.128,180,
228.174,165,
228.219,176,
228.264,152,
228.31,84,
228.355,161,
228.4,176,
228.446,145,
228.491,167,
228.536,149,
228.582,165,
228.627,183,
228.672,154,
228.717,156,
228.763,123,
228.808,158,
228.853,178,
228.899,152,
228.944,201,
228.989,133,
229.034,150,
229.08,154,
229.125,196,
229.17,161,
229.215,167,
229.261,166,
229.306,192,
229.351,151,
229.396,185,
229.441,176,
229.487,216,
229.532,184,
229.577,226,
229.622,198,
229.667,217,
229.712,241,
229.758,206,
229.803,176,
229.848,163,
229.893,165,
229.938,181,
229.983,187,
230.028,155,
230.074,153,
230.119,167,
230.164,146,
230.209,167,
230.254,183,
230.299,154,
230.344,177,
230.389,202,
230.434,185,
230.479,192,
230.524,182,
230.569,98,
230.614,181,
230.66,151,
230.705,143,
230.75,174,
230.795,149,
230.84,185,
230.885,174,
230.93,203,
230.975,187,
231.02,156,
231.065,157,
231.11,191,
231.155,174,
231.199,201,
231.244,159,
231.289,127,
231.334,191,
231.379,187,
231.424,187,
231.469,154,
231.514,171,
231.559,151,
231.604,201,
231.649,108,
231.694,184,
231.739,172,
231.783,172,
231.828,194,
231.873,145,
231.918,181,
231.963,177,
232.008,212,
232.053,171,
232.098,170,
232.142,172,
232.187,167,
232.232,223,
232.277,219,
232.322,152,
232.366,181,
232.411,156,
232.456,168,
232.501,228,
232.546,142,
232.59,165,
232.635,192,
232.68,169,
232.725,226,
232.769,219,
232.814,156,
232.859,155,
232.904,136,
232.948,143,
232.993,199,
233.038,162,
233.083,214,
233.127,185,
233.172,152,
233.217,224,
233.261,221,
233.306,201,
233.351,212,
233.395,168,
233.44,175,
233.485,150,
233.529,157,
233.574,136,
233.619,147,
233.663,217,
233.708,160,
233.752,201,
233.797,237,
233.842,226,
233.886,217,
233.931,204,
233.975,147,
234.02,208,
234.065,181,
234.109,151,
234.154,183,
234.198,170,
234.243,179,
234.287,197,
234.332,292,
234.377,222,
234.421,255,
234.466,205,
234.51,252,
234.555,212,
234.599,215,
234.644,209,
234.688,180,
234.733,181,
234.777,173,
234.822,233,
234.866,190,
234.91,226,
234.955,197,
234.999,229,
235.044,228,
235.088,147,
235.133,144,
235.177,170,
235.221,185,
235.266,189,
235.31,176,
235.355,176,
235.399,147,
235.443,161,
235.488,165,
235.532,179,
235.577,206,
235.621,215,
235.665,155,
235.71,161,
235.754,188,
235.798,196,
235.843,192,
235.887,201,
235.931,227,
235.976,208,
236.02,210,
236.064,227,
236.109,194,
236.153,185,
236.197,159,
236.241,199,
236.286,174,
236.33,203,
236.374,189,
236.418,186,
236.463,205,
236.507,242,
236.551,254,
236.595,266,
236.64,181,
236.684,224,
236.728,309,
236.772,292,
236.816,297,
236.861,236,
236.905,237,
236.949,220,
236.993,246,
237.037,185,
237.082,229,
237.126,236,
237.17,249,
237.214,261,
237.258,320,
237.302,334,
237.346,342,
237.39,389,
237.435,317,
237.479,310,
237.523,256,
237.567,214,
237.611,197,
237.655,192,
237.699,202,
237.743,210,
237.787,258,
237.831,224,
237.875,228,
237.919,210,
237.963,176,
238.008,215,
238.052,241,
238.096,207,
238.14,269,
238.184,428,
238.228,335,
238.272,340,
238.316,237,
238.36,254,
238.404,250,
238.447,199,
238.491,203,
238.535,192,
238.579,220,
238.623,201,
238.667,197,
238.711,206,
238.755,210,
238.799,204,
238.843,278,
238.887,330,
238.931,219,
238.975,244,
239.019,192,
239.062,163,
239.106,244,
239.15,181,
239.194,207,
239.238,190,
239.282,205,
239.326,215,
239.369,202,
239.413,185,
239.457,192,
239.501,246,
239.545,352,
239.589,318,
239.632,305,
239.676,271,
239.72,240,
239.764,199,
239.807,217,
239.851,196,
239.895,230,
239.939,217,
239.983,183,
240.026,196,
240.07,226,
240.114,194,
240.158,170,
240.201,152,
240.245,201,
240.289,160,
240.332,196,
240.376,194,
240.42,169,
240.463,277,
240.507,224,
240.551,229,
240.594,222,
240.638,276,
240.682,278,
240.725,205,
240.769,165,
240.813,217,
240.856,181,
240.9,205,
240.944,145,
240.987,199,
241.031,215,
241.074,267,
241.118,278,
241.162,233,
241.205,280,
241.249,256,
241.292,188,
241.336,219,
241.379,217,
241.423,142,
241.466,212,
241.51,125,
241.554,192,
241.597,176,
241.641,196,
241.684,208,
241.728,223,
241.771,215,
241.815,197,
241.858,198,
241.902,183,
241.945,158,
241.989,246,
242.032,191,
242.075,219,
242.119,169,
242.162,183,
242.206,176,
242.249,163,
242.293,206,
242.336,222,
242.379,267,
242.423,186,
242.466,183,
242.51,170,
242.553,174,
242.596,231,
242.64,165,
242.683,174,
242.727,215,
242.77,183,
242.813,203,
242.857,176,
242.9,193,
242.943,172,
242.987,233,
243.03,228,
243.073,179,
243.116,206,
243.16,217,
243.203,186,
243.246,174,
243.29,243,
243.333,167,
243.376,194,
243.419,181,
243.463,277,
243.506,303,
243.549,368,
243.592,236,
243.636,236,
243.679,187,
243.722,242,
243.765,163,
243.809,178,
243.852,199,
243.895,241,
243.938,246,
243.981,179,
244.024,233,
244.068,219,
244.111,228,
244.154,208,
244.197,188,
244.24,167,
244.283,206,
244.327,235,
244.37,179,
244.413,230,
244.456,187,
244.499,138,
244.542,251,
244.585,228,
244.628,206,
244.671,212,
244.714,164,
244.757,208,
244.801,185,
244.844,203,
244.887,174,
244.93,126,
244.973,151,
245.016,206,
245.059,180,
245.102,129,
245.145,172,
245.188,172,
245.231,181,
245.274,188,
245.317,185,
245.36,188,
245.403,174,
245.446,172,
245.489,182,
245.532,129,
245.575,183,
245.617,175,
245.66,147,
245.703,217,
245.746,156,
245.789,214,
245.832,231,
245.875,233,
245.918,213,
245.961,233,
246.004,174,
246.047,240,
246.089,159,
246.132,219,
246.175,182,
246.218,201,
246.261,190,
246.304,174,
246.347,208,
246.389,215,
246.432,145,
246.475,172,
246.518,203,
246.561,204,
246.603,188,
246.646,206,
246.689,223,
246.732,170,
246.775,147,
246.817,201,
246.86,203,
246.903,163,
246.946,243,
246.988,226,
247.031,190,
247.074,192,
247.116,180,
247.159,257,
247.202,145,
247.245,167,
247.287,241,
247.33,215,
247.373,145,
247.415,193,
247.458,188,
247.501,179,
247.543,177,
247.586,186,
247.629,210,
247.671,190,
247.714,212,
247.756,228,
247.799,267,
247.842,538,
247.884,481,
247.927,501,
247.97,298,
248.012,274,
248.055,262,
248.097,201,
248.14,258,
248.182,176,
248.225,165,
248.267,213,
248.31,247,
248.353,240,
248.395,201,
248.438,251,
248.48,192,
248.523,213,
248.565,226,
248.608,185,
248.65,232,
248.693,218,
248.735,199,
248.778,230,
248.82,201,
248.863,259,
248.905,203,
248.947,166,
248.99,207,
249.032,221,
249.075,220,
249.117,253,
249.16,203,
249.202,189,
249.244,190,
249.287,182,
249.329,260,
249.372,199,
249.414,213,
249.456,195,
249.499,201,
249.541,187,
249.583,174,
249.626,217,
249.668,163,
249.71,156,
249.753,167,
249.795,211,
249.837,176,
249.88,220,
249.922,224,
249.964,199,
250.007,151,
250.049,192,
250.091,228,
250.133,201,
250.176,163,
250.218,197,
250.26,188,
250.302,217,
250.345,192,
250.387,186,
250.429,149,
250.471,185,
250.513,162,
250.556,163,
250.598,200,
250.64,309,
250.682,502,
250.724,593,
250.767,499,
250.809,265,
250.851,215,
250.893,184,
250.935,163,
250.977,174,
251.019,190,
251.062,209,
251.104,223,
251.146,246,
251.188,210,
251.23,210,
251.272,242,
251.314,165,
251.356,204,
251.398,359,
251.44,464,
251.483,534,
251.525,444,
251.567,549,
251.609,985,
251.651,970,
251.693,773,
251.735,391,
251.777,348,
251.819,247,
251.861,346,
251.903,434,
251.945,422,
251.987,422,
252.029,315,
252.071,269,
252.113,233,
252.155,266,
252.197,176,
252.239,233,
252.281,285,
252.322,280,
252.364,346,
252.406,554,
252.448,628,
252.49,527,
252.532,375,
252.574,289,
252.616,202,
252.658,240,
252.7,169,
252.741,301,
252.783,285,
252.825,522,
252.867,561,
252.909,572,
252.951,364,
252.993,323,
253.034,249,
253.076,287,
253.118,207,
253.16,172,
253.202,197,
253.243,238,
253.285,226,
253.327,227,
253.369,217,
253.41,190,
253.452,204,
253.494,235,
253.536,199,
253.577,199,
253.619,191,
253.661,185,
253.703,174,
253.744,151,
253.786,206,
253.828,163,
253.87,221,
253.911,211,
253.953,203,
253.995,206,
254.036,163,
254.078,180,
254.12,226,
254.161,225,
254.203,199,
254.244,192,
254.286,210,
254.328,190,
254.369,204,
254.411,207,
254.453,230,
254.494,117,
254.536,185,
254.577,219,
254.619,176,
254.66,272,
254.702,165,
254.744,161,
254.785,194,
254.827,172,
254.868,146,
254.91,229,
254.951,206,
254.993,182,
255.034,208,
255.076,123,
255.117,157,
255.159,177,
255.2,172,
255.242,176,
255.283,153,
255.325,187,
255.366,214,
255.408,182,
255.449,159,
255.491,160,
255.532,214,
255.573,201,
255.615,163,
255.656,179,
255.698,201,
255.739,161,
255.781,194,
255.822,191,
255.863,154,
255.905,201,
255.946,165,
255.987,206,
256.029,192,
256.07,165,
256.111,234,
256.153,197,
256.194,203,
256.235,236,
256.277,226,
256.318,294,
256.359,205,
256.401,192,
256.442,183,
256.483,201,
256.525,223,
256.566,205,
256.607,194,
256.648,237,
256.69,233,
256.731,248,
256.772,279,
256.813,269,
256.855,303,
256.896,231,
256.937,190,
256.978,190,
257.019,164,
257.061,231,
257.102,190,
257.143,183,
257.184,182,
257.225,197,
257.266,203,
257.308,219,
257.349,233,
257.39,199,
257.431,226,
257.472,262,
257.513,360,
257.554,402,
257.596,330,
257.637,251,
257.678,202,
257.719,235,
257.76,173,
257.801,208,
257.842,168,
257.883,175,
257.924,172,
257.965,215,
258.006,211,
258.047,215,
258.088,210,
258.129,228,
258.17,201,
258.211,210,
258.252,165,
258.293,201,
258.334,204,
258.375,179,
258.416,216,
258.457,222,
258.498,204,
258.539,221,
258.58,273,
258.621,273,
258.662,269,
258.703,204,
258.744,186,
258.785,178,
258.826,178,
258.867,199,
258.908,271,
258.949,206,
258.989,165,
259.03,191,
259.071,209,
259.112,176,
259.153,224,
259.194,204,
259.235,167,
259.275,208,
259.316,185,
259.357,209,
259.398,203,
259.439,213,
259.48,184,
259.52,185,
259.561,211,
259.602,255,
259.643,197,
259.684,157,
259.724,168,
259.765,208,
259.806,260,
259.847,282,
259.887,365,
259.928,463,
259.969,410,
260.009,348,
260.05,229,
260.091,244,
260.132,231,
260.172,160,
260.213,224,
260.254,148,
260.294,218,
260.335,203,
260.376,215,
260.416,190,
260.457,192,
260.498,161,
260.538,208,
260.579,252,
260.62,206,
260.66,199,
260.701,306,
260.741,237,
260.782,205,
260.823,249,
260.863,205,
260.904,188,
260.944,180,
260.985,145,
261.025,211,
261.066,155,
261.107,199,
261.147,186,
261.188,287,
261.228,271,
261.269,240,
261.309,220,
261.35,179,
261.39,240,
261.431,245,
261.471,206,
261.512,215,
261.552,202,
261.593,185,
261.633,148,
261.673,145,
261.714,240,
261.754,230,
261.795,262,
261.835,167,
261.876,171,
261.916,188,
261.956,166,
261.997,186,
262.037,174,
262.078,176,
262.118,169,
262.158,222,
262.199,205,
262.239,208,
262.279,139,
262.32,178,
262.36,201,
262.4,145,
262.441,188,
262.481,173,
262.521,271,
262.562,189,
262.602,186,
262.642,251,
262.683,214,
262.723,195,
262.763,178,
262.803,210,
262.844,200,
262.884,208,
262.924,222,
262.964,239,
263.005,265,
263.045,253,
263.085,333,
263.125,439,
263.166,402,
263.206,278,
263.246,254,
263.286,222,
263.326,210,
263.366,212,
263.407,185,
263.447,179,
263.487,148,
263.527,178,
263.567,283,
263.607,209,
263.647,163,
263.688,131,
263.728,136,
263.768,206,
263.808,222,
263.848,192,
263.888,179,
263.928,199,
263.968,195,
264.008,184,
264.048,197,
264.088,214,
264.128,175,
264.169,250,
264.209,207,
264.249,212,
264.289,125,
264.329,221,
264.369,181,
264.409,163,
264.449,206,
264.489,188,
264.529,228,
264.569,186,
264.609,219,
264.648,167,
264.688,230,
264.728,221,
264.768,212,
264.808,221,
264.848,169,
264.888,156,
264.928,159,
264.968,177,
265.008,205,
265.048,174,
265.088,179,
265.127,207,
265.167,210,
265.207,180,
265.247,299,
265.287,217,
265.327,217,
265.367,222,
265.406,161,
265.446,217,
265.486,197,
265.526,208,
265.566,209,
265.606,195,
265.645,221,
265.685,168,
265.725,183,
265.765,147,
265.804,184,
265.844,253,
265.884,172,
265.924,226,
265.963,182,
266.003,204,
266.043,269,
266.083,253,
266.122,239,
266.162,164,
266.202,175,
266.241,210,
266.281,174,
266.321,229,
266.36,163,
266.4,177,
266.44,175,
266.479,151,
266.519,196,
266.559,170,
266.598,95,
266.638,145,
266.678,165,
266.717,143,
266.757,183,
266.796,202,
266.836,189,
266.876,160,
266.915,187,
266.955,137,
266.994,159,
267.034,172,
267.073,138,
267.113,177,
267.152,149,
267.192,141,
267.232,179,
267.271,217,
267.311,160,
267.35,175,
267.39,134,
267.429,160,
267.469,203,
267.508,142,
267.547,118,
267.587,185,
267.626,172,
267.666,194,
267.705,185,
267.745,176,
267.784,158,
267.824,142,
267.863,192,
267.902,235,
267.942,208,
267.981,210,
268.021,149,
268.06,161,
268.099,176,
268.139,191,
268.178,131,
268.217,195,
268.257,180,
268.296,179,
268.335,201,
268.348,29,
268.42,29,
268.491,61,
268.563,34,
268.634,48,
268.706,47,
268.777,29,
268.849,46,
268.92,22,
268.992,35,
269.063,45,
269.135,31,
269.206,55,
269.278,52,
269.349,54,
269.421,29,
269.492,56,
269.564,49,
269.635,38,
269.707,31,
269.778,61,
269.85,50,
269.921,57,
269.993,58,
270.064,48,
270.135,36,
270.207,65,
270.278,58,
270.35,64,
270.421,72,
270.493,29,
270.564,62,
270.636,43,
270.707,61,
270.778,67,
270.85,71,
270.921,55,
270.993,74,
271.064,72,
271.135,82,
271.207,48,
271.278,67,
271.35,69,
271.421,80,
271.492,82,
271.564,51,
271.635,50,
271.706,113,
271.778,65,
271.849,72,
271.92,92,
271.992,65,
272.063,55,
272.134,99,
272.206,17,
272.277,129,
272.348,77,
272.42,85,
272.491,79,
272.562,55,
272.634,77,
272.705,91,
272.776,91,
272.848,82,
272.919,30,
272.99,58,
273.061,67,
273.133,111,
273.204,75,
273.275,86,
273.347,83,
273.418,61,
273.489,67,
273.56,87,
273.632,94,
273.703,84,
273.774,84,
273.845,82,
273.916,67,
273.988,62,
274.059,93,
274.13,76,
274.201,96,
274.273,115,
274.344,105,
274.415,58,
274.486,95,
274.557,101,
274.629,109,
274.7,95,
274.771,74,
274.842,56,
274.913,103,
274.984,147,
275.056,154,
275.127,77,
275.198,120,
275.269,223,
275.34,139,
275.411,83,
275.482,58,
275.554,62,
275.625,92,
275.696,123,
275.767,70,
275.838,89,
275.909,140,
275.98,100,
276.051,89,
276.122,84,
276.194,58,
276.265,49,
276.336,79,
276.407,79,
276.478,102,
276.549,67,
276.62,60,
276.691,96,
276.762,105,
276.833,74,
276.904,100,
276.975,50,
277.046,95,
277.117,89,
277.188,105,
277.259,75,
277.33,96,
277.401,65,
277.472,98,
277.543,84,
277.614,76,
277.685,79,
277.756,55,
277.827,70,
277.898,91,
277.969,67,
278.04,77,
278.111,76,
278.182,80,
278.253,141,
278.324,87,
278.395,72,
278.466,87,
278.537,82,
278.608,96,
278.679,77,
278.75,33,
278.821,72,
278.891,74,
278.962,72,
279.033,111,
279.104,90,
279.175,72,
279.246,93,
279.317,106,
279.388,129,
279.459,77,
279.529,97,
279.6,86,
279.671,154,
279.742,330,
279.813,1243,
279.884,714,
279.955,201,
280.025,192,
280.096,236,
280.167,110,
280.238,107,
280.309,105,
280.379,127,
280.45,257,
280.521,679,
280.592,463,
280.663,113,
280.733,114,
280.804,84,
280.875,73,
280.946,46,
281.017,75,
281.087,70,
281.158,101,
281.229,72,
281.3,63,
281.37,82,
281.441,81,
281.512,120,
281.583,94,
281.653,97,
281.724,74,
281.795,86,
281.865,134,
281.936,79,
282.007,73,
282.077,87,
282.148,69,
282.219,91,
282.29,77,
282.36,85,
282.431,92,
282.502,93,
282.572,110,
282.643,38,
282.713,64,
282.784,76,
282.855,69,
282.925,101,
282.996,103,
283.067,39,
283.137,77,
283.208,80,
283.278,90,
283.349,83,
283.42,80,
283.49,62,
283.561,69,
283.631,79,
283.702,95,
283.773,62,
283.843,72,
283.914,102,
283.984,102,
284.055,143,
284.125,86,
284.196,58,
284.266,111,
284.337,106,
284.408,88,
284.478,84,
284.549,73,
284.619,75,
284.69,112,
284.76,94,
284.831,55,
284.901,98,
284.972,60,
285.042,103,
285.112,101,
285.183,65,
285.253,91,
285.324,163,
285.394,425,
285.465,355,
285.535,106,
285.606,82,
285.676,96,
285.746,105,
285.817,112,
285.887,91,
285.958,106,
286.028,105,
286.099,173,
286.169,99,
286.239,117,
286.31,101,
286.38,86,
286.45,87,
286.521,122,
286.591,75,
286.662,72,
286.732,66,
286.802,117,
286.873,112,
286.943,82,
287.013,69,
287.084,73,
287.154,110,
287.224,117,
287.295,92,
287.365,45,
287.435,89,
287.505,72,
287.576,105,
287.646,75,
287.716,70,
287.787,84,
287.857,87,
287.927,108,
287.997,83,
288.068,129,
288.138,105,
288.208,186,
288.278,389,
288.348,1241,
288.419,410,
288.489,183,
288.559,148,
288.629,169,
288.7,85,
288.77,106,
288.84,106,
288.91,122,
288.98,100,
289.05,132,
289.121,102,
289.191,106,
289.261,120,
289.331,117,
289.401,102,
289.471,88,
289.542,100,
289.612,65,
289.682,117,
289.752,118,
289.822,105,
289.892,105,
289.962,110,
290.032,91,
290.102,94,
290.172,78,
290.243,110,
290.313,91,
290.383,121,
290.453,120,
290.523,115,
290.593,100,
290.663,98,
290.733,90,
290.803,98,
290.873,117,
290.943,67,
291.013,133,
291.083,166,
291.153,119,
291.223,109,
291.293,101,
291.363,133,
291.433,104,
291.503,115,
291.573,115,
291.643,101,
291.713,119,
291.783,131,
291.853,110,
291.923,109,
291.993,105,
292.063,127,
292.132,125,
292.202,111,
292.272,79,
292.342,94,
292.412,91,
292.482,138,
292.552,96,
292.622,131,
292.692,101,
292.761,101,
292.831,140,
292.901,118,
292.971,113,
293.041,101,
293.111,129,
293.181,133,
293.25,137,
293.32,89,
293.39,93,
293.46,103,
293.53,111,
293.599,135,
293.669,84,
293.739,113,
293.809,134,
293.879,158,
293.948,134,
294.018,86,
294.088,99,
294.158,86,
294.227,125,
294.297,151,
294.367,143,
294.437,122,
294.506,110,
294.576,110,
294.646,158,
294.715,151,
294.785,138,
294.855,137,
294.925,182,
294.994,174,
295.064,170,
295.134,141,
295.203,70,
295.273,111,
295.343,117,
295.412,111,
295.482,146,
295.551,162,
295.621,75,
295.691,110,
295.76,156,
295.83,168,
295.9,117,
295.969,107,
296.039,124,
296.108,146,
296.178,130,
296.247,119,
296.317,109,
296.387,116,
296.456,148,
296.526,151,
296.595,109,
296.665,127,
296.734,139,
296.804,204,
296.873,148,
296.943,136,
297.012,84,
297.082,130,
297.151,160,
297.221,144,
297.29,87,
297.36,113,
297.429,200,
297.499,146,
297.568,115,
297.638,151,
297.707,132,
297.776,156,
297.846,149,
297.915,119,
297.985,132,
298.054,105,
298.123,146,
298.193,144,
298.262,158,
298.332,144,
298.401,135,
298.47,166,
298.54,149,
298.609,129,
298.679,96,
298.748,127,
298.817,128,
298.887,194,
298.956,137,
299.025,132,
299.094,115,
299.164,100,
299.233,106,
299.302,128,
299.372,103,
299.441,93,
299.51,176,
299.58,223,
299.649,158,
299.718,107,
299.787,95,
299.857,123,
299.926,141,
299.995,123,
300.064,143,
300.133,156,
300.203,175,
300.272,106,
300.341,129,
300.41,121,
300.479,143,
300.549,126,
300.618,135,
300.687,147,
300.756,127,
300.825,167,
300.894,130,
300.964,165,
301.033,146,
301.102,132,
301.171,91,
301.24,104,
301.309,120,
301.378,125,
301.447,130,
301.516,178,
301.586,104,
301.655,123,
301.724,118,
301.793,133,
301.862,115,
301.931,123,
302,132,
302.069,151,
302.138,249,
302.207,224,
302.276,132,
302.345,158,
302.414,144,
302.483,122,
302.552,117,
302.621,115,
302.69,180,
302.759,151,
302.828,130,
302.897,106,
302.966,115,
303.035,106,
303.104,145,
303.173,118,
303.242,125,
303.31,126,
303.379,120,
303.448,128,
303.517,103,
303.586,89,
303.655,93,
303.724,133,
303.793,161,
303.862,153,
303.93,98,
303.999,80,
304.068,82,
304.137,121,
304.206,70,
304.275,113,
304.343,112,
304.412,106,
304.481,141,
304.55,113,
304.619,110,
304.687,118,
304.756,117,
304.825,173,
304.894,137,
304.962,134,
305.031,124,
305.1,129,
305.169,134,
305.237,100,
305.306,125,
305.375,116,
305.444,110,
305.512,127,
305.581,162,
305.65,120,
305.718,89,
305.787,116,
305.856,144,
305.924,124,
305.993,183,
306.062,122,
306.13,106,
306.199,118,
306.268,146,
306.336,106,
306.405,96,
306.473,132,
306.542,149,
306.611,140,
306.679,159,
306.748,192,
306.816,123,
306.885,113,
306.953,132,
307.022,135,
307.09,118,
307.159,113,
307.228,116,
307.296,147,
307.365,142,
307.433,134,
307.502,93,
307.57,180,
307.639,184,
307.707,134,
307.776,100,
307.844,84,
307.912,158,
307.981,155,
308.049,130,
308.118,161,
308.186,194,
308.255,706,
308.323,987,
308.391,266,
308.46,187,
308.528,118,
308.597,123,
308.665,105,
308.733,139,
308.802,147,
308.87,226,
308.938,161,
309.007,175,
309.075,180,
309.143,149,
309.212,213,
309.28,476,
309.348,1594,
309.417,740,
309.485,281,
309.553,201,
309.622,192,
309.69,164,
309.758,146,
309.826,161,
309.895,110,
309.963,117,
310.031,171,
310.099,161,
310.167,115,
310.236,123,
310.304,99,
310.372,130,
310.44,148,
310.508,134,
310.577,120,
310.645,167,
310.713,146,
310.781,108,
310.849,124,
310.917,100,
310.986,79,
311.054,78,
311.122,108,
311.19,96,
311.258,87,
311.326,99,
311.394,67,
311.462,132,
311.53,121,
311.598,82,
311.666,108,
311.735,141,
311.803,117,
311.871,116,
311.939,103,
312.007,101,
312.075,115,
312.143,110,
312.211,136,
312.279,81,
312.347,132,
312.415,132,
312.483,130,
312.551,123,
312.619,91,
312.686,123,
312.754,120,
312.822,107,
312.89,119,
312.958,106,
313.026,101,
313.094,122,
313.162,153,
313.23,115,
313.298,115,
313.366,91,
313.433,119,
313.501,126,
313.569,104,
313.637,129,
313.705,108,
313.773,88,
313.84,124,
313.908,128,
313.976,129,
314.044,109,
314.112,111,
314.179,130,
314.247,135,
314.315,98,
314.383,111,
314.45,94,
314.518,115,
314.586,132,
314.654,92,
314.721,134,
314.789,104,
314.857,122,
314.925,134,
314.992,108,
315.06,110,
315.128,130,
315.195,134,
315.263,114,
315.331,168,
315.398,130,
315.466,120,
315.533,134,
315.601,110,
315.669,145,
315.736,123,
315.804,118,
315.871,105,
315.939,166,
316.007,178,
316.074,169,
316.142,144,
316.209,134,
316.277,141,
316.344,150,
316.412,122,
316.479,123,
316.547,114,
316.614,101,
316.682,120,
316.749,105,
316.817,107,
316.884,148,
316.952,209,
317.019,123,
317.087,136,
317.154,93,
317.222,125,
317.289,80,
317.357,177,
317.424,120,
317.491,126,
317.559,118,
317.626,132,
317.694,120,
317.761,119,
317.828,143,
317.896,155,
317.963,176,
318.03,271,
318.098,199,
318.165,161,
318.232,202,
318.3,190,
318.367,158,
318.434,192,
318.501,147,
318.569,158,
318.636,142,
318.703,173,
318.771,161,
318.838,147,
318.905,103,
318.972,149,
319.039,86,
319.107,180,
319.174,156,
319.241,205,
319.308,197,
319.375,134,
319.443,141,
319.51,83,
319.577,121,
319.644,132,
319.711,132,
319.778,129,
319.845,139,
319.913,130,
319.98,137,
320.047,220,
320.114,194,
320.181,135,
320.248,133,
320.315,214,
320.382,154,
320.449,163,
320.516,148,
320.583,127,
320.65,86,
320.717,129,
320.784,131,
320.851,146,
320.918,127,
320.985,81,
321.052,157,
321.119,150,
321.186,158,
321.253,128,
321.32,129,
321.387,103,
321.454,137,
321.521,125,
321.588,132,
321.655,127,
321.722,194,
321.789,172,
321.855,126,
321.922,186,
321.989,101,
322.056,117,
322.123,145,
322.19,127,
322.257,109,
322.323,115,
322.39,162,
322.457,115,
322.524,130,
322.591,122,
322.657,132,
322.724,132,
322.791,116,
322.858,166,
322.924,177,
322.991,190,
323.058,168,
323.125,149,
323.191,134,
323.258,110,
323.325,149,
323.391,151,
323.458,189,
323.525,454,
323.591,183,
323.658,195,
323.725,321,
323.791,191,
323.858,149,
323.925,259,
323.991,287,
324.058,189,
324.124,153,
324.191,175,
324.258,259,
324.324,200,
324.391,119,
324.457,157,
324.524,135,
324.59,161,
324.657,120,
324.723,120,
324.79,158,
324.856,185,
324.923,211,
324.989,152,
325.056,107,
325.122,170,
325.189,147,
325.255,180,
325.322,183,
325.388,241,
325.455,187,
325.521,204,
325.587,156,
325.654,135,
325.72,110,
325.787,113,
325.853,152,
325.919,145,
325.986,151,
326.052,128,
326.118,165,
326.185,193,
326.251,256,
326.317,127,
326.384,142,
326.45,111,
326.516,101,
326.583,182,
326.649,128,
326.715,127,
326.781,124,
326.848,142,
326.914,122,
326.98,125,
327.046,123,
327.113,137,
327.179,168,
327.245,175,
327.311,154,
327.377,130,
327.444,106,
327.51,159,
327.576,118,
327.642,163,
327.708,138,
327.774,105,
327.84,106,
327.906,162,
327.973,161,
328.039,163,
328.105,153,
328.171,149,
328.237,154,
328.303,134,
328.369,126,
328.435,135,
328.501,148,
328.567,120,
328.633,110,
328.699,156,
328.765,174,
328.831,166,
328.897,168,
328.963,166,
329.029,151,
329.095,149,
329.161,144,
329.227,149,
329.293,153,
329.359,136,
329.425,153,
329.49,140,
329.556,149,
329.622,134,
329.688,147,
329.754,153,
329.82,132,
329.886,135,
329.951,155,
330.017,115,
330.083,110,
330.149,110,
330.215,158,
330.281,176,
330.346,192,
330.412,137,
330.478,134,
330.544,175,
330.609,144,
330.675,137,
330.741,150,
330.807,175,
330.872,170,
330.938,185,
331.004,130,
331.069,163,
331.135,134,
331.201,142,
331.266,161,
331.332,167,
331.398,126,
331.463,142,
331.529,180,
331.594,139,
331.66,135,
331.726,160,
331.791,142,
331.857,125,
331.922,170,
331.988,163,
332.053,158,
332.119,115,
332.185,149,
332.25,175,
332.316,142,
332.381,244,
332.447,144,
332.512,141,
332.578,164,
332.643,170,
332.708,160,
332.774,148,
332.839,168,
332.905,104,
332.97,158,
333.036,223,
333.101,178,
333.166,179,
333.232,158,
333.297,141,
333.363,162,
333.428,122,
333.493,145,
333.559,143,
333.624,198,
333.689,148,
333.755,199,
333.82,156,
333.885,156,
333.95,154,
334.016,160,
334.081,161,
334.146,195,
334.211,204,
334.277,386,
334.342,222,
334.407,170,
334.472,177,
334.538,181,
334.603,170,
334.668,153,
334.733,134,
334.798,151,
334.863,158,
334.928,223,
334.994,547,
335.059,545,
335.124,200,
335.189,170,
335.254,176,
335.319,173,
335.384,143,
335.449,149,
335.514,182,
335.579,280,
335.644,122,
335.709,142,
335.774,166,
335.84,161,
335.905,189,
335.969,163,
336.034,156,
336.099,167,
336.164,261,
336.229,523,
336.294,180,
336.359,162,
336.424,133,
336.489,123,
336.554,147,
336.619,79,
336.684,122,
336.749,125,
336.814,163,
336.878,139,
336.943,129,
337.008,142,
337.073,173,
337.138,166,
337.203,238,
337.267,307,
337.332,286,
337.397,350,
337.462,185,
337.526,147,
337.591,161,
337.656,122,
337.721,112,
337.785,170,
337.85,250,
337.915,128,
337.98,127,
338.044,142,
338.109,151,
338.174,168,
338.238,145,
338.303,127,
338.368,156,
338.432,182,
338.497,307,
338.561,154,
338.626,134,
338.691,175,
338.755,168,
338.82,149,
338.884,224,
338.949,154,
339.013,101,
339.078,142,
339.142,138,
339.207,94,
339.271,140,
339.336,152,
339.4,161,
339.465,120,
339.529,147,
339.594,167,
339.658,140,
339.723,116,
339.787,118,
339.852,108,
339.916,129,
339.98,126,
340.045,134,
340.109,106,
340.173,128,
340.238,106,
340.302,115,
340.367,113,
340.431,140,
340.495,149,
340.559,166,
340.624,96,
340.688,86,
340.752,125,
340.817,125,
340.881,117,
340.945,151,
341.009,128,
341.074,96,
341.138,119,
341.202,143,
341.266,94,
341.33,111,
341.395,132,
341.459,132,
341.523,104,
341.587,110,
341.651,125,
341.715,110,
341.779,102,
341.844,109,
341.908,100,
341.972,128,
342.036,142,
342.1,113,
342.164,125,
342.228,86,
342.292,108,
342.356,127,
342.42,141,
342.484,122,
342.548,91,
342.612,115,
342.676,120,
342.74,88,
342.804,110,
342.868,60,
342.932,62,
342.996,77,
343.06,104,
343.124,114,
343.188,139,
343.251,113,
343.315,95,
343.379,106,
343.443,105,
343.507,110,
343.571,112,
343.635,134,
343.698,136,
343.762,115,
343.826,139,
343.89,114,
343.954,141,
344.017,162,
344.081,146,
344.145,232,
344.209,269,
344.272,115,
344.336,137,
344.4,98,
344.464,129,
344.527,146,
344.591,115,
344.655,140,
344.718,134,
344.782,98,
344.845,120,
344.909,146,
344.973,96,
345.036,86,
345.1,96,
345.164,109,
345.227,95,
345.291,109,
345.354,111,
345.418,121,
345.481,94,
345.545,85,
345.608,132,
345.672,108,
345.735,120,
345.799,133,
345.862,120,
345.926,97,
345.989,133,
346.053,117,
346.116,115,
346.18,109,
346.243,134,
346.306,125,
346.37,106,
346.433,102,
346.496,133,
346.56,128,
346.623,117,
346.687,110,
346.75,99,
346.813,118,
346.876,96,
346.94,91,
347.003,113,
347.066,105,
347.13,113,
347.193,98,
347.256,120,
347.319,112,
347.383,108,
347.446,113,
347.509,107,
347.572,108,
347.635,153,
347.699,126,
347.762,163,
347.825,99,
347.888,134,
347.951,125,
348.014,107,
348.077,105,
348.14,111,
348.204,120,
348.267,100,
348.33,127,
348.393,97,
348.456,109,
348.519,117,
348.582,112,
348.645,132,
348.708,131,
348.771,101,
348.834,105,
348.897,112,
348.96,118,
349.023,141,
349.086,103,
349.149,180,
349.212,147,
349.274,132,
349.337,128,
349.4,114,
349.463,134,
349.526,125,
349.589,86,
349.652,135,
349.715,121,
349.777,106,
349.84,140,
349.903,115,
349.966,158,
350.029,108,
350.091,146,
350.154,103,
350.217,74,
350.28,96,
350.342,118,
350.405,117,
350.468,103,
350.53,120,
350.593,163,
350.656,130,
350.718,98,
350.781,133,
350.844,115,
350.906,129,
350.969,99,
351.032,95,
351.094,117,
351.157,145,
351.219,161,
351.282,135,
351.344,111,
351.407,117,
351.47,141,
351.532,106,
351.595,93,
351.657,137,
351.72,127,
351.782,96,
351.845,130,
351.907,116,
351.969,149,
352.032,137,
352.094,163,
352.157,151,
352.219,137,
352.282,139,
352.344,122,
352.406,96,
352.469,127,
352.531,134,
352.593,139,
352.656,119,
352.718,139,
352.78,134,
352.843,113,
352.905,122,
352.967,135,
353.029,111,
353.092,113,
353.154,145,
353.216,111,
353.278,114,
353.341,132,
353.403,156,
353.465,139,
353.527,137,
353.589,131,
353.651,113,
353.714,150,
353.776,123,
353.838,130,
353.9,168,
353.962,147,
354.024,141,
354.086,108,
354.148,114,
354.21,123,
354.272,154,
354.334,120,
354.396,135,
354.458,168,
354.52,141,
354.582,153,
354.644,116,
354.706,126,
354.768,120,
354.83,160,
354.892,117,
354.954,153,
355.016,159,
355.078,140,
355.14,122,
355.202,105,
355.264,127,
355.325,159,
355.387,185,
355.449,110,
355.511,173,
355.573,164,
355.635,205,
355.696,127,
355.758,115,
355.82,103,
355.882,144,
355.943,159,
356.005,171,
356.067,152,
356.129,149,
356.19,135,
356.252,125,
356.314,140,
356.375,132,
356.437,129,
356.499,178,
356.56,152,
356.622,216,
356.683,209,
356.745,163,
356.807,163,
356.868,125,
356.93,122,
356.991,168,
357.053,116,
357.114,272,
357.176,187,
357.237,106,
357.299,115,
357.36,89,
357.422,168,
357.483,96,
357.545,142,
357.606,158,
357.668,129,
357.729,180,
357.79,143,
357.852,133,
357.913,138,
357.975,154,
358.036,166,
358.097,134,
358.159,165,
358.22,421,
358.281,389,
358.343,188,
358.404,187,
358.465,218,
358.526,211,
358.588,178,
358.649,257,
358.71,280,
358.771,173,
358.833,229,
358.894,206,
358.955,163,
359.016,212,
359.077,147,
359.139,203,
359.2,125,
359.261,144,
359.322,132,
359.383,106,
359.444,136,
359.505,176,
359.566,142,
359.627,118,
359.688,125,
359.749,130,
359.81,122,
359.871,89,
359.932,137,
359.993,115,
360.054,124,
360.115,118,
360.176,104,
360.237,125,
360.298,114,
360.359,127,
360.42,139,
360.481,84,
360.542,67,
360.603,139,
360.664,156,
360.724,112,
360.785,139,
360.846,110,
360.907,168,
360.968,146,
361.029,216,
361.089,153,
361.15,123,
361.211,120,
361.272,121,
361.332,115,
361.393,90,
361.454,137,
361.515,106,
361.575,125,
361.636,113,
361.697,110,
361.757,105,
361.818,122,
361.878,140,
361.939,108,
362,220,
362.06,155,
362.121,115,
362.181,129,
362.242,87,
362.303,112,
362.363,122,
362.424,120,
362.484,144,
362.545,97,
362.605,116,
362.666,106,
362.726,103,
362.787,139,
362.847,116,
362.907,99,
362.968,120,
363.028,137,
363.089,144,
363.149,151,
363.209,149,
363.27,235,
363.33,156,
363.39,164,
363.451,130,
363.511,122,
363.571,86,
363.632,258,
363.692,297,
363.752,95,
363.812,125,
363.873,79,
363.933,108,
363.993,106,
364.053,134,
364.114,147,
364.174,115,
364.234,111,
364.294,124,
364.354,274,
364.414,278,
364.474,151,
364.535,154,
364.595,127,
364.655,123,
364.715,100,
364.775,135,
364.835,107,
364.895,232,
364.955,150,
365.015,118,
365.075,113,
365.135,130,
365.195,121,
365.255,146,
365.315,135,
365.375,128,
365.435,324,
365.495,275,
365.555,142,
365.614,101,
365.674,116,
365.734,75,
365.794,110,
365.854,130,
365.914,173,
365.974,122,
366.033,106,
366.093,120,
366.153,156,
366.213,113,
366.273,84,
366.332,94,
366.392,97,
366.452,142,
366.511,78,
366.571,98,
366.631,96,
366.69,139,
366.75,142,
366.81,127,
366.869,94,
366.929,82,
366.989,123,
367.048,166,
367.108,130,
367.167,72,
367.227,135,
367.287,122,
367.346,104,
367.406,112,
367.465,106,
367.525,77,
367.584,78,
367.644,90,
367.703,89,
367.763,87,
367.822,101,
367.881,139,
367.941,120,
368,66,
368.06,99,
368.119,96,
368.178,92,
368.238,130,
368.297,100,
368.356,108,
368.416,112,
368.475,106,
368.534,117,
368.594,242,
368.653,182,
368.712,108,
368.771,109,
368.831,163,
368.89,115,
368.949,84,
369.008,103,
369.067,125,
369.127,109,
369.186,132,
369.245,103,
369.304,118,
369.363,102,
369.422,107,
369.481,133,
369.54,108,
369.599,111,
369.659,111,
369.718,127,
369.777,132,
369.836,94,
369.895,122,
369.954,121,
370.013,98,
370.072,120,
370.131,168,
370.19,83,
370.248,89,
370.307,98,
370.366,135,
370.425,96,
370.484,116,
370.543,111,
370.602,115,
370.661,174,
370.719,125,
370.778,125,
370.837,81,
370.896,89,
370.955,149,
371.013,151,
371.072,94,
371.131,96,
371.19,91,
371.248,134,
371.307,129,
371.366,94,
371.424,98,
371.483,93,
371.542,127,
371.6,88,
371.659,55,
371.718,85,
371.776,118,
371.835,117,
371.893,82,
371.952,129,
372.011,168,
372.069,374,
372.128,204,
372.186,122,
372.245,103,
372.303,141,
372.362,160,
372.42,97,
372.479,128,
372.537,140,
372.595,122,
372.654,88,
372.712,108,
372.771,132,
372.829,135,
372.887,108,
372.946,89,
373.004,120,
373.062,216,
373.121,110,
373.179,110,
373.237,105,
373.296,123,
373.354,148,
373.412,197,
373.47,117,
373.529,311,
373.587,316,
373.645,153,
373.703,139,
373.761,315,
373.819,205,
373.878,131,
373.936,99,
373.994,108,
374.052,93,
374.11,132,
374.168,248,
374.226,170,
374.284,87,
374.342,54,
374.4,131,
374.458,144,
374.516,96,
374.574,154,
374.632,245,
374.69,134,
374.748,117,
374.806,106,
374.864,193,
374.922,151,
374.98,276,
375.038,233,
375.096,137,
375.154,121,
375.211,110,
375.269,101,
375.327,302,
375.385,219,
375.443,120,
375.5,96,
375.558,70,
375.616,137,
375.674,108,
375.731,129,
375.789,132,
375.847,218,
375.905,179,
375.962,211,
376.02,154,
376.078,111,
376.135,120,
376.193,169,
376.25,140,
376.308,120,
376.366,139,
376.423,130,
376.481,127,
376.538,110,
376.596,93,
376.653,101,
376.711,128,
376.768,167,
376.826,140,
376.883,113,
376.941,89,
376.998,74,
377.056,96,
377.113,108,
377.17,130,
377.228,132,
377.285,112,
377.343,79,
377.4,94,
377.457,95,
377.515,91,
377.572,77,
377.629,154,
377.686,92,
377.744,96,
377.801,115,
377.858,83,
377.915,94,
377.973,110,
378.03,134,
378.087,96,
378.144,101,
378.201,109,
378.259,81,
378.316,81,
378.373,132,
378.43,99,
378.487,77,
378.544,117,
378.601,168,
378.658,134,
378.715,104,
378.772,77,
378.829,109,
378.886,160,
378.943,98,
379,72,
379.057,137,
379.114,104,
379.171,74,
379.228,110,
379.285,146,
379.342,114,
379.399,99,
379.456,129,
379.513,113,
379.569,110,
379.626,90,
379.683,115,
379.74,95,
379.797,129,
379.853,97,
379.91,121,
379.967,129,
380.024,139,
380.08,114,
380.137,123,
380.194,84,
380.25,100,
380.307,135,
380.364,112,
380.42,140,
380.477,122,
380.534,127,
380.59,137,
380.647,134,
380.703,107,
380.76,111,
380.817,88,
380.873,129,
380.93,156,
380.986,136,
381.043,150,
381.099,123,
381.156,144,
381.212,133,
381.268,151,
381.325,144,
381.381,118,
381.438,141,
381.494,146,
381.55,182,
381.607,197,
381.663,151,
381.719,176,
381.776,168,
381.832,115,
381.888,168,
381.945,152,
382.001,297,
382.057,283,
382.113,159,
382.17,141,
382.226,130,
382.282,137,
382.338,80,
382.394,223,
382.45,190,
382.507,179,
382.563,240,
382.619,205,
382.675,209,
382.731,168,
382.787,163,
382.843,150,
382.899,177,
382.955,172,
383.011,146,
383.067,158,
383.123,186,
383.179,256,
383.235,233,
383.291,127,
383.347,185,
383.403,209,
383.459,183,
383.515,164,
383.571,137,
383.626,141,
383.682,142,
383.738,254,
383.794,298,
383.85,183,
383.906,178,
383.961,167,
384.017,260,
384.073,192,
384.129,151,
384.184,156,
384.24,147,
384.296,166,
384.351,177,
384.407,147,
384.463,139,
384.518,154,
384.574,168,
384.63,207,
384.685,169,
384.741,178,
384.796,142,
384.852,232,
384.907,221,
384.963,264,
385.019,223,
385.074,158,
385.129,168,
385.185,201,
385.24,226,
385.296,212,
385.351,232,
385.407,262,
385.462,202,
385.518,218,
385.573,183,
385.628,192,
385.684,185,
385.739,207,
385.794,143,
385.85,212,
385.905,367,
385.96,262,
386.015,240,
386.071,306,
386.126,202,
386.181,131,
386.236,202,
386.291,178,
386.347,193,
386.402,154,
386.457,165,
386.512,171,
386.567,185,
386.622,202,
386.677,168,
386.733,197,
386.788,214,
386.843,220,
386.898,260,
386.953,285,
386.96,165,
387.055,165,
387.151,186,
387.246,226,
387.342,241,
387.437,254,
387.532,284,
387.628,282,
387.723,135,
387.818,149,
387.914,154,
388.009,154,
388.104,200,
388.2,213,
388.295,213,
388.391,252,
388.486,327,
388.581,383,
388.677,375,
388.772,325,
388.867,176,
388.963,128,
389.058,164,
389.153,106,
389.249,122,
389.344,110,
389.439,110,
389.535,124,
389.63,106,
389.725,97,
389.821,138,
389.916,115,
390.011,110,
390.107,153,
390.202,115,
390.297,142,
390.392,151,
390.488,147,
390.583,155,
390.678,164,
390.774,199,
390.869,238,
390.964,259,
391.06,162,
391.155,105,
391.25,181,
391.345,147,
391.441,126,
391.536,169,
391.631,200,
391.727,213,
391.822,206,
391.917,163,
392.012,163,
392.108,158,
392.203,149,
392.298,94,
392.393,149,
392.489,179,
392.584,174,
392.679,179,
392.774,190,
392.87,167,
392.965,173,
393.06,222,
393.155,206,
393.251,238,
393.346,298,
393.441,489,
393.536,827,
393.632,1347,
393.727,1492,
393.822,479,
393.917,224,
394.013,217,
394.108,195,
394.203,174,
394.298,211,
394.393,284,
394.489,447,
394.584,868,
394.679,1475,
394.774,1519,
394.869,428,
394.965,273,
395.06,302,
395.155,291,
395.25,290,
395.345,222,
395.44,206,
395.536,218,
395.631,232,
395.726,230,
395.821,249,
395.916,334,
396.011,406,
396.107,461,
396.202,635,
396.297,1160,
396.392,2163,
396.487,2429,
396.582,788,
396.677,340,
396.773,346,
396.868,481,
396.963,596,
397.058,1106,
397.153,1273,
397.248,493,
397.343,236,
397.438,214,
397.533,219,
397.629,186,
397.724,224,
397.819,188,
397.914,202,
398.009,193,
398.104,186,
398.199,192,
398.294,198,
398.389,245,
398.484,316,
398.579,220,
398.674,216,
398.77,195,
398.865,188,
398.96,208,
399.055,253,
399.15,302,
399.245,371,
399.34,307,
399.435,307,
399.53,309,
399.625,350,
399.72,349,
399.815,336,
399.91,378,
400.005,376,
400.1,388,
400.195,351,
400.29,229,
400.385,229,
400.48,258,
400.575,221,
400.67,266,
400.765,279,
400.86,224,
400.955,217,
401.05,248,
401.145,259,
401.24,216,
401.335,230,
401.43,227,
401.525,252,
401.62,218,
401.715,206,
401.81,231,
401.905,195,
402,204,
402.095,234,
402.189,213,
402.284,236,
402.379,233,
402.474,220,
402.569,271,
402.664,277,
402.759,238,
402.854,260,
402.949,243,
403.044,269,
403.139,227,
403.233,264,
403.328,297,
403.423,341,
403.518,284,
403.613,268,
403.708,293,
403.803,300,
403.898,262,
403.992,240,
404.087,233,
404.182,254,
404.277,277,
404.372,275,
404.467,277,
404.562,291,
404.656,360,
404.751,366,
404.846,362,
404.941,280,
405.036,261,
405.13,296,
405.225,280,
405.32,288,
405.415,256,
405.51,266,
405.604,273,
405.699,261,
405.794,229,
405.889,242,
405.984,263,
406.078,294,
406.173,257,
406.268,282,
406.363,292,
406.457,303,
406.552,349,
406.647,321,
406.742,243,
406.836,281,
406.931,302,
407.026,312,
407.12,293,
407.215,284,
407.31,373,
407.405,364,
407.499,335,
407.594,325,
407.689,345,
407.783,387,
407.878,456,
407.973,518,
408.067,394,
408.162,323,
408.257,335,
408.351,307,
408.446,321,
408.541,308,
408.635,266,
408.73,268,
408.825,322,
408.919,328,
409.014,282,
409.109,263,
409.203,353,
409.298,334,
409.392,300,
409.487,280,
409.582,291,
409.676,315,
409.771,357,
409.865,320,
409.96,341,
410.054,314,
410.149,312,
410.244,317,
410.338,304,
410.433,326,
410.527,325,
410.622,339,
410.716,300,
410.811,330,
410.905,339,
411,309,
411.094,296,
411.189,362,
411.283,317,
411.378,310,
411.472,323,
411.567,353,
411.661,282,
411.756,339,
411.85,308,
411.945,323,
412.039,339,
412.134,346,
412.228,318,
412.323,348,
412.417,296,
412.512,316,
412.606,317,
412.7,348,
412.795,333,
412.889,333,
412.984,340,
413.078,339,
413.173,316,
413.267,305,
413.361,328,
413.456,335,
413.55,375,
413.645,323,
413.739,325,
413.833,339,
413.928,325,
414.022,337,
414.116,328,
414.211,326,
414.305,337,
414.399,354,
414.494,339,
414.588,382,
414.682,314,
414.777,313,
414.871,359,
414.965,311,
415.06,346,
415.154,341,
415.248,314,
415.342,390,
415.437,343,
415.531,344,
415.625,290,
415.719,306,
415.814,405,
415.908,307,
416.002,348,
416.096,334,
416.191,316,
416.285,327,
416.379,352,
416.473,334,
416.568,305,
416.662,346,
416.756,328,
416.85,346,
416.944,361,
417.039,303,
417.133,377,
417.227,332,
417.321,353,
417.415,327,
417.509,378,
417.603,304,
417.698,360,
417.792,310,
417.886,371,
417.98,312,
418.074,359,
418.168,382,
418.262,342,
418.356,337,
418.45,332,
418.545,369,
418.639,328,
418.733,330,
418.827,346,
418.921,312,
419.015,357,
419.109,368,
419.203,326,
419.297,322,
419.391,372,
419.485,332,
419.579,395,
419.673,401,
419.767,362,
419.861,406,
419.955,353,
420.049,363,
420.143,380,
420.237,321,
420.331,325,
420.425,368,
420.519,348,
420.613,328,
420.707,295,
420.801,282,
420.895,300,
420.989,328,
421.083,296,
421.176,360,
421.27,390,
421.364,372,
421.458,442,
421.552,346,
421.646,470,
421.74,536,
421.834,434,
421.928,326,
422.021,304,
422.115,332,
422.209,324,
422.303,374,
422.397,371,
422.491,368,
422.584,585,
422.678,846,
422.772,1568,
422.866,2159,
422.96,922,
423.053,380,
423.147,369,
423.241,366,
423.335,333,
423.428,344,
423.522,319,
423.616,360,
423.71,328,
423.803,344,
423.897,316,
423.991,298,
424.084,321,
424.178,325,
424.272,302,
424.366,299,
424.459,339,
424.553,351,
424.647,358,
424.74,287,
424.834,325,
424.928,350,
425.021,316,
425.115,321,
425.208,349,
425.302,318,
425.396,254,
425.489,330,
425.583,337,
425.676,340,
425.77,302,
425.864,280,
425.957,332,
426.051,273,
426.144,348,
426.238,329,
426.331,326,
426.425,316,
426.518,279,
426.612,314,
426.705,280,
426.799,279,
426.893,282,
426.986,304,
427.079,280,
427.173,319,
427.266,362,
427.36,366,
427.453,371,
427.547,300,
427.64,283,
427.734,325,
427.827,335,
427.921,289,
428.014,281,
428.107,303,
428.201,289,
428.294,351,
428.388,333,
428.481,344,
428.574,339,
428.668,321,
428.761,348,
428.854,325,
428.948,288,
429.041,360,
429.134,394,
429.228,391,
429.321,327,
429.414,286,
429.508,263,
429.601,268,
429.694,282,
429.787,291,
429.881,325,
429.974,278,
430.067,454,
430.16,543,
430.254,539,
430.347,586,
430.44,465,
430.533,483,
430.626,357,
430.72,431,
430.813,534,
430.906,478,
430.999,405,
431.092,383,
431.186,317,
431.279,301,
431.372,289,
431.465,336,
431.558,360,
431.651,315,
431.744,328,
431.837,265,
431.931,355,
432.024,374,
432.117,356,
432.21,318,
432.303,327,
432.396,312,
432.489,349,
432.582,315,
432.675,333,
432.768,350,
432.861,421,
432.954,317,
433.047,307,
433.14,314,
433.233,282,
433.326,298,
433.419,327,
433.512,334,
433.605,291,
433.698,311,
433.791,324,
433.884,362,
433.977,327,
434.07,302,
434.162,337,
434.255,360,
434.348,330,
434.441,325,
434.534,302,
434.627,342,
434.72,301,
434.813,369,
434.905,316,
434.998,343,
435.091,365,
435.184,336,
435.277,340,
435.369,301,
435.462,320,
435.555,303,
435.648,312,
435.741,330,
435.833,322,
435.926,304,
436.019,320,
436.112,333,
436.204,318,
436.297,313,
436.39,320,
436.482,301,
436.575,310,
436.668,303,
436.76,316,
436.853,302,
436.946,356,
437.038,320,
437.131,353,
437.224,282,
437.316,275,
437.409,307,
437.502,318,
437.594,266,
437.687,249,
437.779,256,
437.872,261,
437.964,277,
438.057,252,
438.15,287,
438.242,301,
438.335,273,
438.427,329,
438.52,353,
438.612,397,
438.705,422,
438.797,299,
438.89,273,
438.982,280,
439.074,289,
439.167,272,
439.259,320,
439.352,275,
439.444,282,
439.537,279,
439.629,296,
439.721,304,
439.814,318,
439.906,243,
439.999,275,
440.091,261,
440.183,266,
440.276,236,
440.368,304,
440.46,286,
440.553,314,
440.645,318,
440.737,355,
440.829,344,
440.922,306,
441.014,285,
441.106,321,
441.199,294,
441.291,251,
441.383,289,
441.475,320,
441.567,328,
441.66,353,
441.752,325,
441.844,300,
441.936,326,
442.028,364,
442.121,321,
442.213,284,
442.305,311,
442.397,301,
442.489,296,
442.581,321,
442.673,298,
442.765,337,
442.858,393,
442.95,341,
443.042,329,
443.134,289,
443.226,323,
443.318,325,
443.41,307,
443.502,305,
443.594,291,
443.686,374,
443.778,376,
443.87,456,
443.962,351,
444.054,263,
444.146,261,
444.238,353,
444.33,305,
444.422,322,
444.513,383,
444.605,339,
444.697,394,
444.789,360,
444.881,367,
444.973,364,
445.065,360,
445.157,365,
445.248,362,
445.34,363,
445.432,330,
445.524,353,
445.616,397,
445.708,442,
445.799,421,
445.891,534,
445.983,385,
446.075,327,
446.166,298,
446.258,255,
446.35,302,
446.441,289,
446.533,314,
446.625,292,
446.717,245,
446.808,238,
446.9,289,
446.992,293,
447.083,300,
447.175,250,
447.266,272,
447.358,310,
447.45,321,
447.541,281,
447.633,246,
447.724,245,
447.816,306,
447.908,250,
447.999,250,
448.091,250,
448.182,279,
448.274,275,
448.365,298,
448.457,240,
448.548,300,
448.64,262,
448.731,308,
448.823,291,
448.914,263,
449.005,248,
449.097,248,
449.188,287,
449.28,245,
449.371,264,
449.462,280,
449.554,259,
449.645,245,
449.737,257,
449.828,263,
449.919,269,
450.011,279,
450.102,241,
450.193,282,
450.284,220,
450.376,272,
450.467,253,
450.558,254,
450.649,265,
450.741,236,
450.832,226,
450.923,274,
451.014,300,
451.106,263,
451.197,255,
451.288,258,
451.379,275,
451.47,303,
451.561,244,
451.653,269,
451.744,316,
451.835,314,
451.926,257,
452.017,285,
452.108,280,
452.199,273,
452.29,276,
452.381,259,
452.472,249,
452.563,240,
452.654,243,
452.745,321,
452.836,220,
452.927,201,
453.018,236,
453.109,314,
453.2,291,
453.291,294,
453.382,259,
453.473,289,
453.564,286,
453.655,413,
453.746,518,
453.837,626,
453.927,586,
454.018,575,
454.109,472,
454.2,284,
454.291,236,
454.382,252,
454.472,273,
454.563,288,
454.654,220,
454.745,249,
454.836,254,
454.926,284,
455.017,281,
455.108,249,
455.198,290,
455.289,280,
455.38,320,
455.471,277,
455.561,309,
455.652,323,
455.743,367,
455.833,408,
455.924,403,
456.014,289,
456.105,254,
456.196,253,
456.286,252,
456.377,296,
456.467,233,
456.558,252,
456.648,216,
456.739,279,
456.829,332,
456.92,248,
457.01,218,
457.101,204,
457.191,282,
457.282,262,
457.372,229,
457.463,245,
457.553,236,
457.644,294,
457.734,256,
457.824,271,
457.915,290,
458.005,263,
458.095,266,
458.186,275,
458.276,264,
458.366,232,
458.457,239,
458.547,280,
458.637,244,
458.728,254,
458.818,261,
458.908,286,
458.998,293,
459.089,287,
459.179,268,
459.269,316,
459.359,309,
459.449,317,
459.54,298,
459.63,287,
459.72,293,
459.81,305,
459.9,298,
459.99,277,
460.08,282,
460.17,307,
460.261,284,
460.351,370,
460.441,355,
460.531,351,
460.621,327,
460.711,357,
460.801,421,
460.891,360,
460.981,344,
461.071,413,
461.161,527,
461.251,573,
461.341,569,
461.43,328,
461.52,335,
461.61,374,
461.7,332,
461.79,309,
461.88,356,
461.97,348,
462.06,348,
462.149,375,
462.239,368,
462.329,392,
462.419,376,
462.509,394,
462.598,401,
462.688,369,
462.778,395,
462.868,348,
462.957,397,
463.047,410,
463.137,387,
463.226,408,
463.316,419,
463.406,557,
463.495,518,
463.585,459,
463.675,467,
463.764,405,
463.854,442,
463.943,433,
464.033,358,
464.123,419,
464.212,397,
464.302,440,
464.391,399,
464.481,419,
464.57,460,
464.66,420,
464.749,399,
464.839,376,
464.928,383,
465.018,388,
465.107,378,
465.196,408,
465.286,427,
465.375,381,
465.465,364,
465.554,356,
465.643,346,
465.733,367,
465.822,335,
465.911,401,
466.001,413,
466.09,318,
466.179,368,
466.268,388,
466.358,360,
466.447,360,
466.536,323,
466.625,308,
466.715,323,
466.804,322,
466.893,329,
466.982,316,
467.071,293,
467.16,291,
467.249,323,
467.339,330,
467.428,361,
467.517,292,
467.606,323,
467.695,344,
467.784,326,
467.873,311,
467.962,307,
468.051,306,
468.14,270,
468.229,349,
468.318,304,
468.407,333,
468.496,337,
468.585,362,
468.674,356,
468.763,371,
468.852,415,
468.94,316,
469.029,350,
469.118,353,
469.207,325,
469.296,307,
469.385,311,
469.473,303,
469.562,310,
469.651,322,
469.74,268,
469.829,286,
469.917,316,
470.006,299,
470.095,376,
470.183,361,
470.272,342,
470.361,331,
470.449,344,
470.538,320,
470.627,332,
470.715,284,
470.804,316,
470.893,263,
470.981,284,
471.07,266,
471.158,296,
471.247,289,
471.335,289,
471.424,287,
471.512,298,
471.601,294,
471.689,330,
471.778,316,
471.866,292,
471.955,337,
472.043,307,
472.131,330,
472.22,336,
472.308,270,
472.397,273,
472.485,285,
472.573,266,
472.662,300,
472.75,253,
472.838,270,
472.927,266,
473.015,301,
473.103,272,
473.191,264,
473.28,276,
473.368,295,
473.456,291,
473.544,248,
473.632,282,
473.72,252,
473.809,292,
473.897,295,
473.985,279,
474.073,258,
474.161,295,
474.249,302,
474.337,256,
474.425,296,
474.513,266,
474.601,281,
474.689,280,
474.777,259,
474.865,234,
474.953,234,
475.041,261,
475.129,279,
475.217,266,
475.305,208,
475.393,230,
475.481,275,
475.569,286,
475.657,261,
475.744,236,
475.832,255,
475.92,280,
476.008,238,
476.096,263,
476.183,276,
476.271,248,
476.359,252,
476.447,300,
476.534,299,
476.622,255,
476.71,261,
476.798,255,
476.885,284,
476.973,277,
477.06,302,
477.148,230,
477.236,238,
477.323,261,
477.411,222,
477.498,236,
477.586,249,
477.674,247,
477.761,295,
477.849,257,
477.936,250,
478.024,276,
478.111,276,
478.198,304,
478.286,289,
478.373,222,
478.461,276,
478.548,263,
478.636,298,
478.723,324,
478.81,266,
478.898,270,
478.985,265,
479.072,257,
479.16,245,
479.247,332,
479.334,261,
479.421,295,
479.509,314,
479.596,259,
479.683,285,
479.77,288,
479.857,277,
479.945,284,
480.032,254,
480.119,256,
480.206,288,
480.293,271,
480.38,293,
480.467,280,
480.554,293,
480.641,321,
480.728,303,
480.815,293,
480.902,324,
480.989,306,
481.076,288,
481.163,292,
481.25,321,
481.337,310,
481.424,295,
481.511,261,
481.598,261,
481.685,255,
481.772,305,
481.858,264,
481.945,247,
482.032,249,
482.119,275,
482.206,218,
482.292,263,
482.379,291,
482.466,233,
482.553,236,
482.639,251,
482.726,263,
482.813,279,
482.899,286,
482.986,250,
483.073,240,
483.159,311,
483.246,273,
483.332,267,
483.419,256,
483.506,282,
483.592,278,
483.679,282,
483.765,283,
483.852,268,
483.938,293,
484.025,282,
484.111,268,
484.198,275,
484.284,261,
484.37,244,
484.457,266,
484.543,284,
484.63,298,
484.716,304,
484.802,341,
484.888,283,
484.975,339,
485.061,319,
485.147,363,
485.234,307,
485.32,282,
485.406,286,
485.492,293,
485.578,298,
485.665,263,
485.751,282,
485.837,293,
485.923,296,
486.009,273,
486.095,302,
486.181,316,
486.267,302,
486.354,317,
486.44,313,
486.526,321,
486.612,309,
486.698,316,
486.784,330,
486.87,327,
486.955,314,
487.041,285,
487.127,316,
487.213,318,
487.299,329,
487.385,339,
487.471,284,
487.557,321,
487.642,325,
487.728,280,
487.814,265,
487.9,355,
487.986,333,
488.071,260,
488.157,305,
488.243,290,
488.328,293,
488.414,278,
488.5,317,
488.585,304,
488.671,287,
488.757,302,
488.842,263,
488.928,281,
489.013,266,
489.099,282,
489.185,303,
489.27,275,
489.356,316,
489.441,321,
489.527,317,
489.612,262,
489.697,286,
489.783,297,
489.868,277,
489.954,320,
490.039,330,
490.124,312,
490.21,307,
490.295,277,
490.38,245,
490.466,301,
490.551,240,
490.636,272,
490.722,269,
490.807,259,
490.892,329,
490.977,330,
491.062,272,
491.148,298,
491.233,272,
491.318,309,
491.403,266,
491.488,275,
491.573,283,
491.658,284,
491.743,307,
491.828,271,
491.913,270,
491.998,261,
492.083,322,
492.168,318,
492.253,293,
492.338,305,
492.423,291,
492.508,255,
492.593,261,
492.678,263,
492.763,263,
492.848,299,
492.932,284,
493.017,301,
493.102,335,
493.187,277,
493.271,296,
493.356,287,
493.441,265,
493.526,310,
493.61,286,
493.695,304,
493.78,309,
493.864,248,
493.949,298,
494.034,314,
494.118,306,
494.203,291,
494.287,377,
494.372,380,
494.456,343,
494.541,316,
494.625,296,
494.71,296,
494.794,321,
494.879,290,
494.963,285,
495.048,261,
495.132,273,
495.216,291,
495.301,277,
495.385,278,
495.469,306,
495.554,298,
495.638,298,
495.722,246,
495.807,314,
495.891,298,
495.975,241,
496.059,270,
496.143,318,
496.228,294,
496.312,283,
496.396,265,
496.48,262,
496.564,279,
496.648,310,
496.732,317,
496.816,296,
496.9,294,
496.984,316,
497.068,316,
497.152,304,
497.236,278,
497.32,310,
497.404,311,
497.488,325,
497.572,275,
497.656,273,
497.74,335,
497.824,237,
497.908,268,
497.991,280,
498.075,305,
498.159,287,
498.243,328,
498.327,326,
498.41,335,
498.494,357,
498.578,318,
498.661,327,
498.745,369,
498.829,346,
498.912,428,
498.996,502,
499.079,591,
499.163,691,
499.247,573,
499.33,486,
499.414,438,
499.497,429,
499.581,431,
499.664,425,
499.748,497,
499.831,435,
499.914,573,
499.998,586,
500.081,790,
500.165,754,
500.248,566,
500.331,516,
500.415,574,
500.498,571,
500.581,583,
500.664,616,
500.748,775,
500.831,881,
500.914,931,
500.997,1113,
501.08,843,
501.164,838,
501.247,732,
501.33,753,
501.413,749,
501.496,807,
501.579,859,
501.662,878,
501.745,821,
501.828,666,
501.911,619,
501.994,589,
502.077,571,
502.16,564,
502.243,628,
502.326,660,
502.409,720,
502.492,641,
502.575,527,
502.657,511,
502.74,413,
502.823,479,
502.906,478,
502.989,486,
503.071,506,
503.154,428,
503.237,497,
503.319,499,
503.402,443,
503.485,516,
503.567,421,
503.65,367,
503.733,369,
503.815,399,
503.898,365,
503.98,383,
504.063,360,
504.145,308,
504.228,374,
504.31,355,
504.393,383,
504.475,396,
504.558,402,
504.64,491,
504.722,424,
504.805,435,
504.887,456,
504.969,418,
505.052,456,
505.134,397,
505.216,390,
505.299,374,
505.381,397,
505.463,415,
505.545,377,
505.627,366,
505.71,324,
505.792,348,
505.874,325,
505.956,333,
506.038,364,
506.12,305,
506.202,293,
506.284,346,
506.366,319,
506.448,334,
506.53,292,
506.612,353,
506.694,318,
506.776,316,
506.858,321,
506.94,299,
507.022,311,
507.104,341,
507.185,310,
507.267,358,
507.349,374,
507.431,410,
507.513,427,
507.594,346,
507.676,275,
507.758,307,
507.839,290,
507.921,348,
508.003,308,
508.084,325,
508.166,287,
508.248,330,
508.329,317,
508.411,328,
508.492,282,
508.574,297,
508.655,304,
508.737,280,
508.818,320,
508.9,259,
508.981,259,
509.062,321,
509.144,330,
509.225,279,
509.306,310,
509.388,266,
509.469,282,
509.55,312,
509.632,299,
509.713,316,
509.794,289,
509.875,332,
509.957,312,
510.038,263,
510.119,291,
510.2,323,
510.281,323,
510.362,330,
510.443,294,
510.524,247,
510.605,298,
510.686,289,
510.767,304,
510.848,295,
510.929,264,
511.01,305,
511.091,338,
511.172,312,
511.253,316,
511.334,314,
511.415,325,
511.496,282,
511.576,312,
511.657,298,
511.738,289,
511.819,282,
511.899,330,
511.98,344,
512.061,293,
512.141,287,
512.222,332,
512.303,304,
512.383,300,
512.464,332,
512.545,295,
512.625,308,
512.706,326,
512.786,304,
512.867,294,
512.947,305,
513.028,309,
513.108,337,
513.188,278,
513.269,298,
513.349,298,
513.43,359,
513.51,348,
513.59,335,
513.671,307,
513.751,335,
513.831,382,
513.911,319,
513.992,320,
514.072,286,
514.152,298,
514.232,294,
514.312,314,
514.392,277,
514.473,317,
514.553,316,
514.633,287,
514.713,310,
514.793,305,
514.873,294,
514.953,331,
515.033,326,
515.113,321,
515.193,277,
515.273,291,
515.352,305,
515.432,340,
515.512,334,
515.592,357,
515.672,309,
515.752,312,
515.831,294,
515.911,357,
515.991,311,
516.07,339,
516.15,327,
516.23,372,
516.309,312,
516.389,300,
516.469,325,
516.548,352,
516.628,355,
516.707,342,
516.787,325,
516.866,332,
516.946,360,
517.025,372,
517.105,367,
517.184,392,
517.264,396,
517.343,477,
517.422,488,
517.502,449,
517.581,358,
517.66,351,
517.74,385,
517.819,376,
517.898,348,
517.977,343,
518.057,397,
518.136,422,
518.215,408,
518.294,424,
518.373,457,
518.452,421,
518.531,417,
518.611,385,
518.69,339,
518.769,358,
518.848,330,
518.927,387,
519.006,358,
519.085,325,
519.163,371,
519.242,341,
519.321,458,
519.4,389,
519.479,330,
519.558,294,
519.637,313,
519.715,348,
519.794,341,
519.873,301,
519.952,275,
520.03,313,
520.109,371,
520.188,405,
520.266,392,
520.345,295,
520.423,302,
520.502,302,
520.58,266,
520.659,232,
520.738,248,
520.816,265,
520.894,270,
520.973,273,
521.051,248,
521.13,255,
521.208,272,
521.286,270,
521.365,266,
521.443,250,
521.521,293,
521.6,312,
521.678,314,
521.756,305,
521.834,320,
521.913,344,
521.991,367,
522.069,321,
522.147,280,
522.225,225,
522.303,237,
522.381,286,
522.459,285,
522.537,268,
522.615,232,
522.693,265,
522.771,297,
522.849,320,
522.927,231,
523.005,239,
523.083,245,
523.161,280,
523.239,266,
523.317,246,
523.394,277,
523.472,323,
523.55,275,
523.628,259,
523.705,215,
523.783,225,
523.861,211,
523.938,270,
524.016,254,
524.094,270,
524.171,231,
524.249,233,
524.326,275,
524.404,260,
524.481,234,
524.559,247,
524.636,243,
524.714,310,
524.791,249,
524.868,211,
524.946,247,
525.023,237,
525.1,264,
525.178,260,
525.255,215,
525.332,244,
525.41,236,
525.487,252,
525.564,277,
525.641,259,
525.718,271,
525.795,274,
525.873,270,
525.95,277,
526.027,262,
526.104,193,
526.181,270,
526.258,272,
526.335,237,
526.412,261,
526.489,234,
526.566,290,
526.643,264,
526.719,236,
526.796,261,
526.873,270,
526.95,303,
527.027,292,
527.103,295,
527.18,272,
527.257,308,
527.334,334,
527.41,360,
527.487,286,
527.564,277,
527.64,300,
527.717,314,
527.793,326,
527.87,311,
527.946,275,
528.023,236,
528.099,266,
528.176,214,
528.252,248,
528.329,275,
528.405,241,
528.481,254,
528.558,270,
528.634,250,
528.71,232,
528.787,266,
528.863,279,
528.939,268,
529.015,222,
529.092,291,
529.168,269,
529.244,293,
529.32,233,
529.396,213,
529.472,228,
529.548,282,
529.624,273,
529.7,237,
529.776,211,
529.852,259,
529.928,272,
530.004,259,
530.08,262,
530.156,216,
530.232,269,
530.308,274,
530.384,263,
530.459,270,
530.535,261,
530.611,259,
530.687,270,
530.762,243,
530.838,258,
530.914,241,
530.989,252,
531.065,263,
531.141,250,
531.216,243,
531.292,250,
531.367,278,
531.443,266,
531.518,298,
531.594,230,
531.669,252,
531.744,281,
531.82,304,
531.895,275,
531.971,224,
532.046,259,
532.121,279,
532.196,283,
532.272,247,
532.347,238,
532.422,301,
532.497,267,
532.572,283,
532.648,296,
532.723,296,
532.798,254,
532.873,285,
532.948,248,
533.023,266,
533.098,287,
533.173,267,
533.248,281,
533.323,315,
533.398,309,
533.473,296,
533.548,300,
533.622,268,
533.697,255,
533.772,248,
533.847,233,
533.922,305,
533.996,244,
534.071,295,
534.146,286,
534.22,285,
534.295,288,
534.37,277,
534.444,277,
534.519,279,
534.593,292,
534.668,321,
534.742,303,
534.817,302,
534.891,287,
534.966,252,
535.04,285,
535.115,337,
535.189,252,
535.263,248,
535.338,287,
535.412,279,
535.486,282,
535.56,353,
535.635,300,
535.709,282,
535.783,273,
535.857,282,
535.931,289,
536.005,240,
536.079,277,
536.154,243,
536.228,297,
536.302,239,
536.376,229,
536.45,328,
536.523,277,
536.597,302,
536.671,288,
536.745,248,
536.819,267,
536.893,298,
536.967,255,
537.04,277,
537.114,261,
537.188,272,
537.262,323,
537.335,295,
537.409,299,
537.483,234,
537.556,222,
537.63,332,
537.703,324,
537.777,293,
537.85,266,
537.924,307,
537.997,301,
538.071,270,
538.144,266,
538.218,323,
538.291,307,
538.364,312,
538.438,295,
538.511,245,
538.584,252,
538.658,305,
538.731,289,
538.804,328,
538.877,278,
538.95,254,
539.024,268,
539.097,333,
539.17,262,
539.243,278,
539.316,283,
539.389,325,
539.462,293,
539.535,298,
539.608,271,
539.681,300,
539.754,272,
539.827,349,
539.899,282,
539.972,241,
540.045,261,
540.118,277,
540.191,330,
540.263,268,
540.336,273,
540.409,324,
540.481,307,
540.554,273,
540.627,285,
540.699,302,
540.772,266,
540.844,264,
540.917,300,
540.989,273,
541.062,239,
541.134,295,
541.207,280,
541.279,310,
541.352,324,
541.424,302,
541.496,316,
541.569,330,
541.641,321,
541.713,271,
541.785,271,
541.858,300,
541.93,335,
542.002,271,
542.074,305,
542.146,264,
542.218,309,
542.29,330,
542.362,309,
542.434,289,
542.506,252,
542.578,310,
542.65,346,
542.722,327,
542.794,245,
542.866,261,
542.938,316,
543.01,340,
543.081,346,
543.153,314,
543.225,309,
543.227,55,
543.376,55,
543.524,68,
543.673,62,
543.822,75,
543.971,43,
544.119,51,
544.268,49,
544.417,76,
544.565,65,
544.714,44,
544.862,69,
545.011,42,
545.16,65,
545.308,56,
545.457,74,
545.605,72,
545.754,76,
545.902,48,
546.051,54,
546.199,51,
546.348,75,
546.496,54,
546.645,88,
546.793,67,
546.942,44,
547.09,59,
547.238,53,
547.387,50,
547.535,79,
547.684,72,
547.832,51,
547.98,60,
548.129,84,
548.277,88,
548.425,61,
548.574,57,
548.722,76,
548.87,79,
549.018,60,
549.167,53,
549.315,38,
549.463,51,
549.611,59,
549.759,48,
549.907,54,
550.056,62,
550.204,74,
550.352,74,
550.5,65,
550.648,77,
550.796,80,
550.944,60,
551.092,69,
551.24,56,
551.388,45,
551.536,57,
551.684,28,
551.832,47,
551.98,76,
552.128,81,
552.276,66,
552.424,51,
552.572,71,
552.72,83,
552.868,56,
553.016,74,
553.164,50,
553.312,56,
553.46,67,
553.607,69,
553.755,80,
553.903,76,
554.051,139,
554.199,85,
554.346,72,
554.494,80,
554.642,65,
554.79,65,
554.937,48,
555.085,51,
555.233,77,
555.38,95,
555.528,79,
555.676,54,
555.823,68,
555.971,72,
556.118,49,
556.266,30,
556.414,83,
556.561,69,
556.709,59,
556.856,74,
557.004,65,
557.151,52,
557.299,96,
557.446,83,
557.594,61,
557.741,76,
557.889,73,
558.036,100,
558.184,56,
558.331,67,
558.478,88,
558.626,84,
558.773,50,
558.92,60,
559.068,89,
559.215,86,
559.362,132,
559.51,90,
559.657,53,
559.804,65,
559.952,127,
560.099,70,
560.246,88,
560.393,113,
560.54,109,
560.688,55,
560.835,38,
560.982,41,
561.129,79,
561.276,97,
561.423,39,
561.571,71,
561.718,64,
561.865,60,
562.012,45,
562.159,38,
562.306,53,
562.453,95,
562.6,70,
562.747,77,
562.894,61,
563.041,65,
563.188,70,
563.335,74,
563.482,60,
563.629,66,
563.775,88,
563.922,44,
564.069,73,
564.216,49,
564.363,78,
564.51,67,
564.657,64,
564.803,69,
564.95,85,
565.097,70,
565.244,41,
565.391,37,
565.537,81,
565.684,80,
565.831,46,
565.977,39,
566.124,61,
566.271,67,
566.417,84,
566.564,71,
566.711,67,
566.857,83,
567.004,122,
567.15,84,
567.297,45,
567.444,74,
567.59,124,
567.737,95,
567.883,81,
568.03,150,
568.176,120,
568.323,158,
568.469,134,
568.616,122,
568.762,102,
568.908,126,
569.055,104,
569.201,83,
569.348,98,
569.494,109,
569.64,68,
569.787,63,
569.933,58,
570.079,75,
570.226,76,
570.372,56,
570.518,62,
570.664,54,
570.811,69,
570.957,62,
571.103,53,
571.249,43,
571.396,76,
571.542,55,
571.688,81,
571.834,92,
571.98,77,
572.126,39,
572.272,97,
572.418,34,
572.565,55,
572.711,78,
572.857,39,
573.003,42,
573.149,38,
573.295,72,
573.441,97,
573.587,51,
573.733,56,
573.879,85,
574.024,81,
574.17,64,
574.316,68,
574.462,79,
574.608,68,
574.754,58,
574.9,53,
575.046,29,
575.191,82,
575.337,63,
575.483,32,
575.629,35,
575.775,56,
575.92,71,
576.066,67,
576.212,49,
576.358,55,
576.503,70,
576.649,60,
576.795,64,
576.94,72,
577.086,111,
577.231,83,
577.377,105,
577.523,79,
577.668,70,
577.814,64,
577.959,46,
578.105,47,
578.25,65,
578.396,104,
578.541,72,
578.687,40,
578.832,54,
578.978,86,
579.123,90,
579.269,72,
579.414,50,
579.56,60,
579.705,49,
579.85,48,
579.996,36,
580.141,49,
580.286,39,
580.432,62,
580.577,86,
580.722,55,
580.868,37,
581.013,58,
581.158,72,
581.303,40,
581.448,69,
581.594,76,
581.739,78,
581.884,35,
582.029,44,
582.174,83,
582.319,65,
582.465,49,
582.61,54,
582.755,86,
582.9,83,
583.045,100,
583.19,41,
583.335,77,
583.48,78,
583.625,62,
583.77,90,
583.915,40,
584.06,71,
584.205,70,
584.35,70,
584.495,44,
584.64,72,
584.784,76,
584.929,69,
585.074,69,
585.219,45,
585.364,66,
585.509,90,
585.653,60,
585.798,53,
585.943,67,
586.088,79,
586.232,84,
586.377,65,
586.522,37,
586.667,72,
586.811,64,
586.956,67,
587.101,55,
587.245,109,
587.39,72,
587.534,49,
587.679,7,
587.824,72,
587.968,64,
588.113,79,
588.257,53,
588.402,65,
588.546,67,
588.691,71,
588.835,77,
588.98,76,
589.124,102,
589.269,227,
589.413,1241,
589.557,1920,
589.702,422,
589.846,173,
589.991,762,
590.135,1688,
590.279,375,
590.424,151,
590.568,97,
590.712,70,
590.856,93,
591.001,87,
591.145,85,
591.289,81,
591.433,64,
591.578,85,
591.722,99,
591.866,77,
592.01,74,
592.154,72,
592.298,94,
592.443,75,
592.587,74,
592.731,93,
592.875,66,
593.019,84,
593.163,91,
593.307,83,
593.451,72,
593.595,88,
593.739,77,
593.883,107,
594.027,95,
594.171,95,
594.315,96,
594.459,127,
594.602,62,
594.746,111,
594.89,110,
595.034,93,
595.178,86,
595.322,79,
595.466,91,
595.609,97,
595.753,35,
595.897,115,
596.041,68,
596.184,96,
596.328,123,
596.472,74,
596.615,72,
596.759,104,
596.903,95,
597.046,77,
597.19,84,
597.334,83,
597.477,78,
597.621,106,
597.764,88,
597.908,100,
598.052,100,
598.195,75,
598.339,68,
598.482,83,
598.626,92,
598.769,79,
598.912,79,
599.056,51,
599.199,77,
599.343,77,
599.486,79,
599.629,97,
599.773,90,
599.916,70,
600.059,83,
600.203,74,
600.346,63,
600.489,76,
600.633,74,
600.776,88,
600.919,83,
601.062,76,
601.206,113,
601.349,106,
601.492,76,
601.635,107,
601.778,89,
601.921,127,
602.065,75,
602.208,95,
602.351,98,
602.494,97,
602.637,72,
602.78,104,
602.923,74,
603.066,108,
603.209,77,
603.352,105,
603.495,83,
603.638,99,
603.781,90,
603.924,82,
604.067,62,
604.21,86,
604.352,91,
604.495,116,
604.638,95,
604.781,81,
604.924,49,
605.067,86,
605.209,97,
605.352,74,
605.495,83,
605.638,84,
605.78,91,
605.923,95,
606.066,83,
606.209,90,
606.351,62,
606.494,68,
606.637,78,
606.779,89,
606.922,98,
607.064,84,
607.207,130,
607.349,99,
607.492,95,
607.635,33,
607.777,79,
607.92,77,
608.062,95,
608.205,104,
608.347,89,
608.489,81,
608.632,88,
608.774,26,
608.917,76,
609.059,103,
609.201,98,
609.344,88,
609.486,77,
609.628,76,
609.771,78,
609.913,95,
610.055,111,
610.198,62,
610.34,106,
610.482,104,
610.624,88,
610.766,156,
610.909,163,
611.051,95,
611.193,97,
611.335,114,
611.477,83,
611.619,70,
611.761,86,
611.904,92,
612.046,99,
612.188,79,
612.33,92,
612.472,83,
612.614,91,
612.756,166,
612.898,103,
613.04,93,
613.182,102,
613.323,104,
613.465,80,
613.607,84,
613.749,128,
613.891,91,
614.033,146,
614.175,98,
614.316,99,
614.458,92,
614.6,115,
614.742,91,
614.884,118,
615.025,113,
615.167,84,
615.309,120,
615.45,95,
615.592,95,
615.734,114,
615.875,81,
616.017,93,
616.159,116,
616.3,88,
616.442,128,
616.583,174,
616.725,259,
616.866,148,
617.008,105,
617.15,70,
617.291,91,
617.432,146,
617.574,134,
617.715,117,
617.857,92,
617.998,132,
618.14,89,
618.281,118,
618.422,96,
618.564,76,
618.705,117,
618.846,122,
618.988,106,
619.129,124,
619.27,116,
619.411,117,
619.553,113,
619.694,109,
619.835,111,
619.976,93,
620.118,125,
620.259,85,
620.4,41,
620.541,106,
620.682,95,
620.823,96,
620.964,102,
621.105,120,
621.246,132,
621.387,93,
621.528,81,
621.669,158,
621.81,104,
621.951,125,
622.092,109,
622.233,107,
622.374,97,
622.515,96,
622.656,134,
622.797,117,
622.938,93,
623.079,94,
623.22,109,
623.36,102,
623.501,88,
623.642,109,
623.783,90,
623.923,53,
624.064,122,
624.205,65,
624.346,122,
624.486,99,
624.627,106,
624.768,100,
624.908,93,
625.049,118,
625.19,126,
625.33,88,
625.471,96,
625.611,101,
625.752,97,
625.892,88,
626.033,92,
626.173,110,
626.314,144,
626.454,93,
626.595,101,
626.735,101,
626.876,116,
627.016,79,
627.156,81,
627.297,89,
627.437,123,
627.578,85,
627.718,99,
627.858,81,
627.999,82,
628.139,70,
628.279,93,
628.419,62,
628.56,68,
628.7,78,
628.84,105,
628.98,85,
629.12,100,
629.26,99,
629.401,78,
629.541,84,
629.681,91,
629.821,80,
629.961,84,
630.101,90,
630.241,90,
630.381,81,
630.521,102,
630.661,102,
630.801,83,
630.941,107,
631.081,106,
631.221,88,
631.361,90,
631.501,92,
631.641,64,
631.78,134,
631.92,97,
632.06,101,
632.2,144,
632.34,95,
632.48,72,
632.619,69,
632.759,84,
632.899,113,
633.039,101,
633.178,93,
633.318,79,
633.458,104,
633.597,72,
633.737,87,
633.877,54,
634.016,119,
634.156,116,
634.295,83,
634.435,71,
634.574,69,
634.714,92,
634.853,56,
634.993,99,
635.132,94,
635.272,95,
635.411,90,
635.551,57,
635.69,91,
635.83,62,
635.969,79,
636.108,99,
636.248,113,
636.387,120,
636.526,77,
636.666,93,
636.805,74,
636.944,85,
637.083,111,
637.223,93,
637.362,93,
637.501,85,
637.64,81,
637.78,95,
637.919,60,
638.058,95,
638.197,98,
638.336,66,
638.475,102,
638.614,104,
638.753,97,
638.892,79,
639.031,86,
639.17,51,
639.309,95,
639.448,101,
639.587,86,
639.726,88,
639.865,102,
640.004,72,
640.143,61,
640.282,69,
640.421,150,
640.56,93,
640.698,110,
640.837,107,
640.976,88,
641.115,69,
641.254,87,
641.392,87,
641.531,112,
641.67,89,
641.808,95,
641.947,95,
642.086,97,
642.224,103,
642.363,86,
642.502,83,
642.64,79,
642.779,125,
642.917,116,
643.056,81,
643.195,78,
643.333,91,
643.472,65,
643.61,94,
643.748,60,
643.887,68,
644.025,90,
644.164,99,
644.302,118,
644.441,176,
644.579,75,
644.717,102,
644.856,79,
644.994,118,
645.132,103,
645.271,118,
645.409,92,
645.547,130,
645.685,94,
645.824,134,
645.962,104,
646.1,103,
646.238,104,
646.376,103,
646.514,102,
646.653,167,
646.791,148,
646.929,110,
647.067,91,
647.205,87,
647.343,72,
647.481,99,
647.619,121,
647.757,106,
647.895,108,
648.033,85,
648.171,125,
648.309,104,
648.447,112,
648.585,135,
648.722,121,
648.86,140,
648.998,98,
649.136,104,
649.274,119,
649.412,125,
649.549,143,
649.687,123,
649.825,123,
649.963,150,
650.1,125,
650.238,95,
650.376,130,
650.513,129,
650.651,139,
650.789,81,
650.926,120,
651.064,137,
651.201,133,
651.339,143,
651.476,93,
651.614,127,
651.751,132,
651.889,128,
652.026,118,
652.164,107,
652.301,107,
652.439,152,
652.576,135,
652.713,100,
652.851,118,
652.988,104,
653.126,136,
653.263,92,
653.4,117,
653.537,126,
653.675,129,
653.812,127,
653.949,118,
654.086,139,
654.224,130,
654.361,120,
654.498,155,
654.635,113,
654.772,199,
654.909,167,
655.047,134,
655.184,153,
655.321,147,
655.458,188,
655.595,171,
655.732,148,
655.869,183,
656.006,222,
656.143,185,
656.28,233,
656.417,224,
656.554,269,
656.69,299,
656.827,327,
656.964,278,
657.101,252,
657.238,243,
657.375,197,
657.512,193,
657.648,215,
657.785,227,
657.922,202,
658.059,159,
658.195,144,
658.332,160,
658.469,169,
658.605,116,
658.742,178,
658.879,145,
659.015,141,
659.152,120,
659.288,136,
659.425,107,
659.561,132,
659.698,118,
659.835,151,
659.971,123,
660.107,156,
660.244,115,
660.38,132,
660.517,67,
660.653,102,
660.79,123,
660.926,128,
661.062,125,
661.199,128,
661.335,136,
661.471,125,
661.608,97,
661.744,123,
661.88,126,
662.016,141,
662.153,113,
662.289,129,
662.425,139,
662.561,112,
662.697,116,
662.833,115,
662.97,91,
663.106,108,
663.242,129,
663.378,114,
663.514,76,
663.65,111,
663.786,53,
663.922,107,
664.058,78,
664.194,118,
664.33,152,
664.466,111,
664.602,96,
664.738,96,
664.873,155,
665.009,150,
665.145,127,
665.281,121,
665.417,128,
665.553,132,
665.688,158,
665.824,97,
665.96,157,
666.095,140,
666.231,125,
666.367,96,
666.503,120,
666.638,111,
666.774,107,
666.909,85,
667.045,92,
667.181,123,
667.316,107,
667.452,67,
667.587,104,
667.723,96,
667.858,93,
667.994,117,
668.129,67,
668.265,74,
668.4,104,
668.536,117,
668.671,111,
668.806,100,
668.942,120,
669.077,134,
669.212,67,
669.348,71,
669.483,85,
669.618,86,
669.753,91,
669.889,118,
670.024,65,
670.159,85,
670.294,104,
670.429,106,
670.565,95,
670.7,106,
670.835,78,
670.97,144,
671.105,449,
671.24,1902,
671.375,650,
671.51,153,
671.645,130,
671.78,109,
671.915,94,
672.05,114,
672.185,100,
672.32,125,
672.455,130,
672.59,121,
672.725,109,
672.859,81,
672.994,102,
673.129,125,
673.264,110,
673.399,105,
673.533,97,
673.668,118,
673.803,121,
673.938,132,
674.072,118,
674.207,103,
674.342,115,
674.476,84,
674.611,90,
674.746,104,
674.88,93,
675.015,116,
675.149,109,
675.284,69,
675.418,45,
675.553,104,
675.687,96,
675.822,85,
675.956,104,
676.091,126,
676.225,119,
676.359,88,
676.494,94,
676.628,78,
676.763,88,
676.897,101,
677.031,101,
677.165,69,
677.3,93,
677.434,118,
677.568,115,
677.702,91,
677.837,87,
677.971,102,
678.105,62,
678.239,80,
678.373,102,
678.507,53,
678.641,77,
678.776,84,
678.91,55,
679.044,91,
679.178,76,
679.312,111,
679.446,69,
679.58,97,
679.714,81,
679.848,68,
679.981,94,
680.115,102,
680.249,71,
680.383,86,
680.517,111,
680.651,85,
680.785,76,
680.918,86,
681.052,99,
681.186,81,
681.32,72,
681.453,116,
681.587,49,
681.721,64,
681.854,63,
681.988,70,
682.122,116,
682.255,93,
682.389,78,
682.522,92,
682.656,63,
682.79,60,
682.923,72,
683.057,53,
683.19,95,
683.324,72,
683.457,110,
683.59,109,
683.724,77,
683.857,74,
683.991,69,
684.124,70,
684.257,84,
684.391,67,
684.524,74,
684.657,28,
684.791,14,
684.924,67,
685.057,50,
685.19,51,
685.324,71,
685.457,62,
685.59,79,
685.723,65,
685.856,57,
685.989,92,
686.122,79,
686.255,81,
686.388,56,
686.522,49,
686.655,30,
686.788,68,
686.921,100,
687.054,70,
687.186,94,
687.319,99,
687.452,95,
687.585,54,
687.718,74,
687.851,63,
687.984,115,
688.117,67,
688.249,67,
688.382,74,
688.515,63,
688.648,52,
688.78,60,
688.913,72,
689.046,60,
689.179,65,
689.311,79,
689.444,56,
689.576,70,
689.709,60,
689.842,68,
689.974,63,
690.107,84,
690.239,42,
690.372,60,
690.504,72,
690.637,55,
690.769,47,
690.902,86,
691.034,55,
691.167,74,
691.299,60,
691.431,42,
691.564,67,
691.696,74,
691.828,93,
691.961,61,
692.093,83,
692.225,115,
692.357,53,
692.49,88,
692.622,74,
692.754,74,
692.886,58,
693.018,81,
693.15,53,
693.283,76,
693.415,70,
693.547,47,
693.679,63,
693.811,49,
693.943,74,
694.075,70,
694.207,55,
694.339,62,
694.471,64,
694.603,41,
694.735,65,
694.867,67,
694.998,65,
695.13,56,
695.262,79,
695.394,72,
695.526,79,
695.658,61,
695.789,69,
695.921,46,
696.053,67,
696.184,54,
696.316,62,
696.448,93,
696.579,81,
696.711,49,
696.843,55,
696.974,99,
697.106,83,
697.237,72,
697.369,65,
697.501,53,
697.632,57,
697.764,61,
697.895,61,
698.026,39,
698.158,108,
698.289,54,
698.421,56,
698.552,62,
698.683,38,
698.815,72,
698.946,41,
699.077,60,
699.209,65,
699.34,75,
699.471,49,
699.603,70,
699.734,42,
699.865,22,
699.996,53,
700.127,89,
700.258,48,
700.39,68,
700.521,35,
700.652,45,
700.783,60,
700.914,49,
701.045,82,
701.176,56,
701.307,86,
701.438,-9,
701.569,46,
701.7,53,
701.831,62,
701.962,82,
702.092,62,
702.223,40,
702.354,73,
702.485,35,
702.616,81,
702.747,98,
702.877,55,
703.008,67,
703.139,64,
703.269,74,
703.4,61,
703.531,76,
703.661,71,
703.792,56,
703.923,58,
704.053,76,
704.184,49,
704.314,43,
704.445,55,
704.576,55,
704.706,85,
704.837,62,
704.967,56,
705.097,27,
705.228,37,
705.358,87,
705.489,72,
705.619,67,
705.749,44,
705.88,81,
706.01,92,
706.14,40,
706.271,60,
706.401,43,
706.531,44,
706.661,63,
706.792,65,
706.922,69,
707.052,40,
707.182,47,
707.312,46,
707.442,54,
707.572,48,
707.703,86,
707.833,60,
707.963,55,
708.093,47,
708.223,74,
708.353,53,
708.483,57,
708.613,52,
708.742,69,
708.872,31,
709.002,37,
709.132,63,
709.262,44,
709.392,68,
709.522,60,
709.651,77,
709.781,83,
709.911,68,
710.041,49,
710.17,41,
710.3,35,
710.43,58,
710.559,60,
710.689,72,
710.819,30,
710.948,69,
711.078,82,
711.207,60,
711.337,40,
711.467,49,
711.596,60,
711.725,87,
711.855,67,
711.984,53,
712.114,67,
712.243,80,
712.373,65,
712.502,65,
712.631,12,
712.761,49,
712.89,79,
713.019,14,
713.149,25,
713.278,46,
713.407,65,
713.536,44,
713.666,60,
713.795,83,
713.924,83,
714.053,84,
714.182,62,
714.311,60,
714.44,77,
714.569,77,
714.698,35,
714.828,69,
714.957,53,
715.086,86,
715.215,86,
715.343,90,
715.472,74,
715.601,86,
715.73,121,
715.859,69,
715.988,109,
716.117,114,
716.246,102,
716.374,86,
716.503,79,
716.632,80,
716.761,53,
716.889,69,
717.018,54,
717.147,74,
717.276,58,
717.404,73,
717.533,65,
717.661,51,
717.79,56,
717.919,74,
718.047,60,
718.176,58,
718.304,47,
718.433,41,
718.561,49,
718.69,48,
718.818,72,
718.946,79,
719.075,65,
719.203,47,
719.332,59,
719.46,54,
719.588,75,
719.717,43,
719.845,51,
719.973,58,
720.101,60,
720.23,60,
720.358,53,
720.486,54,
720.614,78,
720.742,81,
720.87,55,
720.999,58,
721.127,65,
721.255,102,
721.383,79,
721.511,63,
721.639,82,
721.767,72,
721.895,39,
722.023,47,
722.151,65,
722.279,46,
722.406,65,
722.534,39,
722.662,46,
722.79,58,
722.918,81,
723.046,72,
723.173,44,
723.301,38,
723.429,41,
723.557,67,
723.684,34,
723.812,41,
723.94,69,
724.067,71,
724.195,53,
724.323,30,
724.45,56,
724.578,48,
724.705,55,
724.833,60,
724.96,44,
725.088,53,
725.215,92,
725.343,50,
725.47,44,
725.598,55,
725.725,51,
725.852,42,
725.98,49,
726.107,58,
726.234,69,
726.362,58,
726.489,25,
726.616,33,
726.743,81,
726.871,78,
726.998,53,
727.125,28,
727.252,35,
727.379,46,
727.506,64,
727.634,23,
727.761,49,
727.888,53,
728.015,134,
728.142,63,
728.269,74,
728.396,56,
728.523,58,
728.65,77,
728.777,39,
728.903,85,
729.03,97,
729.157,58,
729.284,36,
729.411,33,
729.538,53,
729.664,93,
729.791,75,
729.918,67,
730.045,67,
730.171,67,
730.298,75,
730.425,58,
730.551,58,
730.678,60,
730.805,74,
730.931,49,
731.058,70,
731.184,76,
731.311,75,
731.437,44,
731.564,61,
731.69,83,
731.817,86,
731.943,71,
732.07,54,
732.196,48,
732.322,63,
732.449,86,
732.575,60,
732.701,60,
732.828,70,
732.954,58,
733.08,88,
733.206,38,
733.333,77,
733.459,62,
733.585,58,
733.711,86,
733.837,63,
733.963,65,
734.089,78,
734.215,61,
734.342,81,
734.468,58,
734.594,89,
734.72,55,
734.846,52,
734.972,64,
735.097,76,
735.223,60,
735.349,65,
735.475,32,
735.601,62,
735.727,58,
735.853,67,
735.978,40,
736.104,61,
736.23,41,
736.356,72,
736.481,48,
736.607,74,
736.733,67,
736.858,44,
736.984,72,
737.11,56,
737.235,92,
737.361,102,
737.486,56,
737.612,58,
737.737,80,
737.863,73,
737.988,47,
738.114,74,
738.239,64,
738.365,85,
738.49,102,
738.615,58,
738.741,54,
738.866,54,
738.992,85,
739.117,70,
739.242,68,
739.367,91,
739.493,53,
739.618,87,
739.743,44,
739.868,53,
739.993,79,
740.118,67,
740.244,53,
740.369,55,
740.494,55,
740.619,95,
740.744,64,
740.869,89,
740.994,101,
741.119,81,
741.244,58,
741.369,42,
741.494,100,
741.618,54,
741.743,81,
741.868,61,
741.993,77,
742.118,51,
742.243,102,
742.367,100,
742.492,83,
742.617,76,
742.742,227,
742.866,340,
742.991,195,
743.116,145,
743.24,123,
743.365,79,
743.489,56,
743.614,87,
743.739,62,
743.863,90,
743.988,107,
744.112,93,
744.237,109,
744.361,113,
744.485,153,
744.61,374,
744.734,533,
744.859,359,
744.983,238,
745.107,172,
745.232,139,
745.356,123,
745.48,151,
745.604,127,
745.729,123,
745.853,79,
745.977,102,
746.101,102,
746.225,77,
746.349,82,
746.474,93,
746.598,114,
746.722,130,
746.846,118,
746.97,186,
747.094,234,
747.218,597,
747.342,899,
747.466,493,
747.59,334,
747.713,229,
747.837,176,
747.961,148,
748.085,125,
748.209,167,
748.333,153,
748.456,135,
748.58,146,
748.704,133,
748.828,88,
748.951,97,
749.075,101,
749.199,97,
749.322,105,
749.446,80,
749.57,92,
749.693,107,
749.817,91,
749.94,74,
750.064,91,
750.187,76,
750.311,83,
750.434,67,
750.558,51,
750.681,90,
750.804,69,
750.928,65,
751.051,83,
751.174,59,
751.298,39,
751.421,93,
751.544,94,
751.667,70,
751.791,66,
751.914,67,
752.037,81,
752.16,77,
752.283,67,
752.407,55,
752.53,75,
752.653,100,
752.776,86,
752.899,44,
753.022,75,
753.145,88,
753.268,88,
753.391,34,
753.514,88,
753.637,93,
753.76,74,
753.882,85,
754.005,60,
754.128,76,
754.251,76,
754.374,46,
754.496,81,
754.619,92,
754.742,83,
754.865,56,
754.987,57,
755.11,69,
755.233,73,
755.355,60,
755.478,56,
755.6,67,
755.723,83,
755.846,97,
755.968,67,
756.091,79,
756.213,108,
756.336,70,
756.458,86,
756.58,59,
756.703,96,
756.825,69,
756.948,100,
757.07,72,
757.192,77,
757.314,91,
757.437,100,
757.559,62,
757.681,64,
757.803,48,
757.926,56,
758.048,61,
758.17,98,
758.292,71,
758.414,80,
758.536,36,
758.658,62,
758.78,46,
758.902,58,
759.024,44,
759.146,86,
759.268,55,
759.39,81,
759.512,111,
759.634,59,
759.756,90,
759.878,72,
760,81,
760.122,87,
760.243,90,
760.365,62,
760.487,63,
760.609,99,
760.73,90,
760.852,49,
760.974,62,
761.095,34,
761.217,78,
761.339,37,
761.46,85,
761.582,70,
761.703,81,
761.825,46,
761.946,79,
762.068,61,
762.189,81,
762.311,78,
762.432,85,
762.553,101,
762.675,125,
762.796,90,
762.918,74,
763.039,65,
763.16,83,
763.281,86,
763.403,81,
763.524,74,
763.645,107,
763.766,86,
763.887,62,
764.009,109,
764.13,59,
764.251,104,
764.372,104,
764.493,79,
764.614,90,
764.735,70,
764.856,90,
764.977,81,
765.098,91,
765.219,88,
765.34,97,
765.461,99,
765.582,73,
765.702,84,
765.823,118,
765.944,104,
766.065,144,
766.186,151,
766.306,136,
766.427,162,
766.548,276,
766.668,532,
766.789,1594,
766.91,2989,
767.03,1821,
767.151,685,
767.272,347,
767.392,209,
767.513,187,
767.633,146,
767.754,124,
767.874,113,
767.995,116,
768.115,105,
768.235,118,
768.356,108,
768.476,88,
768.596,104,
768.717,127,
768.837,91,
768.957,77,
769.078,134,
769.198,100,
769.318,113,
769.438,111,
769.558,120,
769.679,118,
769.799,153,
769.919,143,
770.039,224,
770.159,751,
770.279,2163,
770.399,1781,
770.519,580,
770.639,282,
770.759,155,
770.879,148,
770.999,130,
771.119,110,
771.239,95,
771.358,119,
771.478,80,
771.598,91,
771.718,86,
771.838,107,
771.957,67,
772.077,84,
772.197,90,
772.316,112,
772.436,100,
772.556,91,
772.675,64,
772.795,84,
772.915,101,
773.034,107,
773.154,86,
773.273,93,
773.393,102,
773.512,77,
773.632,110,
773.751,93,
773.87,100,
773.99,86,
774.109,78,
774.228,95,
774.348,116,
774.467,92,
774.586,118,
774.706,79,
774.825,104,
774.944,92,
775.063,72,
775.182,100,
775.302,101,
775.421,107,
775.54,116,
775.659,118,
775.778,102,
775.897,128,
776.016,111,
776.135,167,
776.254,118,
776.373,86,
776.492,153,
776.611,157,
776.73,169,
776.848,200,
776.967,222,
777.086,250,
777.205,312,
777.324,364,
777.442,690,
777.561,1628,
777.68,2364,
777.799,2239,
777.917,2348,
778.036,1653,
778.155,924,
778.273,576,
778.392,456,
778.51,320,
778.629,304,
778.747,220,
778.866,199,
778.984,162,
779.103,203,
779.221,169,
779.34,144,
779.458,107,
779.576,118,
779.695,129,
779.813,146,
779.931,104,
780.05,90,
780.168,116,
780.286,116,
780.404,227,
780.523,199,
780.641,120,
780.759,106,
780.877,106,
780.995,95,
781.113,97,
781.231,111,
781.349,92,
781.467,79,
781.585,91,
781.703,110,
781.821,91,
781.939,74,
782.057,67,
782.175,94,
782.293,107,
782.411,99,
782.528,95,
782.646,90,
782.764,77,
782.882,109,
783,97,
783.117,65,
783.235,81,
783.353,82,
783.47,65,
783.588,67,
783.706,67,
783.823,90,
783.941,105,
784.058,79,
784.176,81,
784.293,62,
784.411,105,
784.528,85,
784.646,114,
784.763,107,
784.88,106,
784.998,86,
785.115,84,
785.232,102,
785.35,97,
785.467,83,
785.584,88,
785.701,72,
785.819,88,
785.936,74,
786.053,93,
786.17,78,
786.287,86,
786.404,73,
786.521,95,
786.639,72,
786.756,90,
786.873,82,
786.99,94,
787.107,100,
787.223,85,
787.34,71,
787.457,102,
787.574,67,
787.691,61,
787.808,102,
787.925,95,
788.041,77,
788.158,91,
788.275,93,
788.392,85,
788.508,90,
788.625,90,
788.742,80,
788.858,69,
788.975,93,
789.092,74,
789.208,77,
789.325,91,
789.441,48,
789.558,98,
789.674,56,
789.791,65,
789.907,92,
790.024,71,
790.14,92,
790.256,69,
790.373,83,
790.489,88,
790.605,100,
790.722,51,
790.838,79,
790.954,77,
791.07,60,
791.187,72,
791.303,77,
791.419,88,
791.535,116,
791.651,97,
791.767,77,
791.883,74,
791.999,95,
792.115,127,
792.231,107,
792.347,106,
792.463,103,
792.579,84,
792.695,100,
792.811,95,
792.927,79,
793.043,85,
793.158,83,
793.274,89,
793.39,83,
793.506,83,
793.621,65,
793.737,71,
793.853,56,
793.969,65,
794.084,90,
794.2,93,
794.315,81,
794.431,104,
794.547,74,
794.662,97,
794.778,102,
794.893,101,
795.008,165,
795.124,231,
795.239,286,
795.355,206,
795.47,213,
795.585,280,
795.701,246,
795.816,151,
795.931,137,
796.047,139,
796.162,128,
796.277,106,
796.392,131,
796.507,92,
796.623,111,
796.738,96,
796.853,90,
796.968,64,
797.083,82,
797.198,90,
797.313,82,
797.428,92,
797.543,109,
797.658,103,
797.773,90,
797.888,69,
798.003,58,
798.117,97,
798.232,67,
798.347,67,
798.462,55,
798.577,62,
798.691,80,
798.806,79,
798.921,58,
799.035,74,
799.15,92,
799.265,78,
799.379,35,
799.494,33,
799.609,90,
799.723,90,
799.838,46,
799.952,72,
800.067,77,
800.181,67,
800.295,89,
800.41,78,
800.524,95,
800.639,86,
800.753,86,
800.867,69,
800.982,78,
801.096,99,
801.21,77,
801.324,62,
801.438,69,
801.553,56,
801.667,72,
801.781,66,
801.895,60,
802.009,81,
802.123,78,
802.237,101,
802.351,67,
802.465,56,
802.579,80,
802.693,46,
802.807,51,
802.921,107,
803.035,79,
803.149,74,
803.263,101,
803.376,55,
803.49,64,
803.604,67,
803.718,72,
803.831,66,
803.945,86,
804.059,76,
804.172,109,
804.286,41,
804.4,75,
804.513,104,
804.627,77,
804.74,62,
804.854,50,
804.967,51,
805.081,86,
805.194,71,
805.308,97,
805.421,44,
805.535,40,
805.648,75,
805.761,77,
805.875,69,
805.988,81,
806.101,95,
806.214,62,
806.328,35,
806.441,74,
806.554,72,
806.667,83,
806.78,75,
806.893,58,
807.006,88,
807.12,102,
807.233,56,
807.346,54,
807.459,55,
807.572,81,
807.685,97,
807.797,47,
807.91,84,
808.023,69,
808.136,59,
808.249,53,
808.362,16,
808.475,72,
808.587,99,
808.7,65,
808.813,93,
808.925,61,
809.038,72,
809.151,67,
809.263,67,
809.376,58,
809.489,60,
809.601,60,
809.714,81,
809.826,113,
809.939,67,
810.051,67,
810.164,77,
810.276,46,
810.388,62,
810.501,81,
810.613,97,
810.725,90,
810.838,83,
810.95,83,
811.062,86,
811.175,63,
811.287,64,
811.399,51,
811.511,81,
811.623,63,
811.735,65,
811.847,56,
811.96,104,
812.072,93,
812.184,73,
812.296,76,
812.408,111,
812.52,125,
812.632,69,
812.743,49,
812.855,92,
812.967,99,
813.079,107,
813.191,53,
813.303,77,
