ReocrdTime: _20250426_131530
IntegrationTime: 200
DataLength: 7305
accumulateCount: 1
Wavelength,Data
195.889,41,
195.938,41,
195.987,18,
196.037,-6,
196.086,1,
196.135,25,
196.184,40,
196.233,47,
196.283,27,
196.332,-2,
196.381,-5,
196.43,15,
196.479,50,
196.529,25,
196.578,16,
196.627,8,
196.676,37,
196.725,29,
196.774,19,
196.824,37,
196.873,23,
196.922,39,
196.971,25,
197.02,34,
197.069,20,
197.118,1,
197.168,0,
197.217,6,
197.266,32,
197.315,35,
197.364,0,
197.413,14,
197.462,-2,
197.511,25,
197.56,59,
197.609,12,
197.658,3,
197.707,24,
197.756,29,
197.805,23,
197.854,18,
197.904,13,
197.953,13,
198.002,0,
198.051,2,
198.1,26,
198.149,40,
198.198,56,
198.247,21,
198.296,4,
198.345,29,
198.393,4,
198.442,40,
198.491,16,
198.54,45,
198.589,-2,
198.638,45,
198.687,33,
198.736,52,
198.785,7,
198.834,36,
198.883,29,
198.932,50,
198.981,52,
199.03,37,
199.079,32,
199.127,14,
199.176,45,
199.225,29,
199.274,47,
199.323,0,
199.372,59,
199.421,43,
199.47,1,
199.518,35,
199.567,43,
199.616,42,
199.665,9,
199.714,20,
199.763,38,
199.811,35,
199.86,50,
199.909,50,
199.958,18,
200.007,29,
200.055,28,
200.104,58,
200.153,36,
200.202,53,
200.25,-5,
200.299,20,
200.348,34,
200.397,22,
200.445,21,
200.494,38,
200.543,16,
200.592,20,
200.64,24,
200.689,54,
200.738,43,
200.787,4,
200.835,7,
200.884,8,
200.933,60,
200.981,41,
201.03,18,
201.079,29,
201.127,54,
201.176,59,
201.225,61,
201.273,48,
201.322,32,
201.371,34,
201.419,34,
201.468,59,
201.516,38,
201.565,25,
201.614,63,
201.662,28,
201.711,11,
201.759,30,
201.808,-7,
201.857,46,
201.905,11,
201.954,75,
202.002,54,
202.051,52,
202.099,20,
202.148,30,
202.197,41,
202.245,33,
202.294,21,
202.342,74,
202.391,66,
202.439,47,
202.488,32,
202.536,45,
202.585,51,
202.633,68,
202.682,52,
202.73,29,
202.779,23,
202.827,45,
202.876,43,
202.924,70,
202.973,75,
203.021,23,
203.069,2,
203.118,48,
203.166,57,
203.215,81,
203.263,34,
203.312,52,
203.36,34,
203.408,61,
203.457,40,
203.505,54,
203.554,-5,
203.602,22,
203.65,33,
203.699,52,
203.747,50,
203.795,67,
203.844,38,
203.892,57,
203.941,50,
203.989,34,
204.037,51,
204.086,68,
204.134,36,
204.182,43,
204.23,55,
204.279,38,
204.327,43,
204.375,72,
204.424,46,
204.472,49,
204.52,67,
204.569,43,
204.617,33,
204.665,40,
204.713,61,
204.762,52,
204.81,36,
204.858,65,
204.906,40,
204.955,30,
205.003,34,
205.051,43,
205.099,77,
205.147,88,
205.196,47,
205.244,66,
205.292,59,
205.34,47,
205.388,77,
205.437,66,
205.485,52,
205.533,57,
205.581,41,
205.629,44,
205.677,79,
205.725,59,
205.774,52,
205.822,27,
205.87,51,
205.918,49,
205.966,53,
206.014,57,
206.062,68,
206.11,52,
206.158,83,
206.207,65,
206.255,86,
206.303,85,
206.351,54,
206.399,47,
206.447,113,
206.495,89,
206.543,104,
206.591,73,
206.639,21,
206.687,60,
206.735,60,
206.783,85,
206.831,56,
206.879,42,
206.927,23,
206.975,42,
207.023,90,
207.071,79,
207.119,76,
207.167,66,
207.215,46,
207.263,71,
207.311,110,
207.359,53,
207.407,51,
207.455,70,
207.503,70,
207.551,59,
207.599,68,
207.646,75,
207.694,57,
207.742,41,
207.79,70,
207.838,63,
207.886,91,
207.934,70,
207.982,51,
208.03,82,
208.077,90,
208.125,88,
208.173,95,
208.221,63,
208.269,47,
208.317,87,
208.365,87,
208.412,90,
208.46,56,
208.508,64,
208.556,57,
208.604,89,
208.651,92,
208.699,92,
208.747,100,
208.795,61,
208.843,69,
208.89,75,
208.938,113,
208.986,80,
209.034,50,
209.081,74,
209.129,83,
209.177,95,
209.225,128,
209.272,127,
209.32,79,
209.368,71,
209.415,52,
209.463,102,
209.511,84,
209.559,82,
209.606,79,
209.654,54,
209.702,79,
209.749,101,
209.797,104,
209.845,68,
209.892,75,
209.94,79,
209.988,90,
210.035,82,
210.083,90,
210.13,111,
210.178,99,
210.226,117,
210.273,106,
210.321,104,
210.368,48,
210.416,95,
210.464,72,
210.511,106,
210.559,144,
210.606,138,
210.654,100,
210.701,104,
210.749,79,
210.797,93,
210.844,103,
210.892,88,
210.939,86,
210.987,83,
211.034,95,
211.082,110,
211.129,83,
211.177,131,
211.224,119,
211.272,92,
211.319,72,
211.367,97,
211.414,131,
211.462,147,
211.509,88,
211.556,95,
211.604,79,
211.651,100,
211.699,104,
211.746,75,
211.794,95,
211.841,119,
211.889,105,
211.936,106,
211.983,115,
212.031,104,
212.078,86,
212.125,93,
212.173,104,
212.22,155,
212.268,135,
212.315,152,
212.362,150,
212.41,179,
212.457,190,
212.504,143,
212.552,93,
212.599,136,
212.646,97,
212.694,79,
212.741,138,
212.788,97,
212.836,138,
212.883,108,
212.93,110,
212.977,121,
213.025,153,
213.072,81,
213.119,112,
213.167,138,
213.214,86,
213.261,99,
213.308,135,
213.356,144,
213.403,149,
213.45,125,
213.497,151,
213.544,120,
213.592,112,
213.639,120,
213.686,100,
213.733,114,
213.78,108,
213.828,111,
213.875,145,
213.922,120,
213.969,138,
214.016,98,
214.063,108,
214.111,104,
214.158,93,
214.205,81,
214.252,109,
214.299,74,
214.346,145,
214.393,158,
214.44,141,
214.488,111,
214.535,102,
214.582,136,
214.629,145,
214.676,149,
214.723,103,
214.77,111,
214.817,102,
214.864,111,
214.911,97,
214.958,140,
215.005,167,
215.052,99,
215.099,108,
215.146,140,
215.193,122,
215.24,123,
215.287,156,
215.334,128,
215.381,140,
215.428,144,
215.475,140,
215.522,104,
215.569,124,
215.616,101,
215.663,151,
215.71,141,
215.757,138,
215.804,146,
215.851,96,
215.898,115,
215.945,158,
215.992,128,
216.039,167,
216.085,176,
216.132,92,
216.179,115,
216.226,123,
216.273,137,
216.32,167,
216.367,165,
216.414,150,
216.461,140,
216.507,171,
216.554,157,
216.601,129,
216.648,171,
216.695,120,
216.742,126,
216.788,151,
216.835,135,
216.882,105,
216.929,138,
216.976,106,
217.022,142,
217.069,147,
217.116,146,
217.163,120,
217.209,126,
217.256,160,
217.303,149,
217.35,114,
217.396,194,
217.443,138,
217.49,147,
217.537,148,
217.583,201,
217.63,132,
217.677,169,
217.724,118,
217.77,145,
217.817,147,
217.864,155,
217.91,143,
217.957,127,
218.004,142,
218.05,129,
218.097,168,
218.144,137,
218.19,149,
218.237,160,
218.283,144,
218.33,162,
218.377,158,
218.423,145,
218.47,150,
218.517,141,
218.563,183,
218.61,168,
218.656,181,
218.703,147,
218.75,131,
218.796,169,
218.843,179,
218.889,173,
218.936,179,
218.982,106,
219.029,138,
219.075,154,
219.122,138,
219.168,206,
219.215,168,
219.261,188,
219.308,165,
219.354,172,
219.401,178,
219.447,190,
219.494,140,
219.54,124,
219.587,111,
219.633,159,
219.68,145,
219.726,181,
219.773,206,
219.819,144,
219.866,183,
219.912,178,
219.958,202,
220.005,165,
220.051,165,
220.098,157,
220.144,147,
220.19,127,
220.237,206,
220.283,148,
220.33,151,
220.376,185,
220.422,129,
220.469,190,
220.515,156,
220.561,170,
220.608,129,
220.654,162,
220.7,129,
220.747,158,
220.793,197,
220.839,199,
220.886,174,
220.932,205,
220.978,219,
221.025,224,
221.071,276,
221.117,248,
221.163,262,
221.21,191,
221.256,191,
221.302,200,
221.348,178,
221.395,226,
221.441,154,
221.487,181,
221.533,190,
221.58,156,
221.626,190,
221.672,282,
221.718,292,
221.764,187,
221.811,208,
221.857,228,
221.903,174,
221.949,154,
221.995,174,
222.041,163,
222.088,203,
222.134,214,
222.18,178,
222.226,167,
222.272,158,
222.318,152,
222.364,179,
222.411,118,
222.457,162,
222.503,191,
222.549,145,
222.595,235,
222.641,159,
222.687,201,
222.733,161,
222.779,145,
222.825,163,
222.871,201,
222.917,222,
222.963,185,
223.009,192,
223.055,184,
223.102,188,
223.148,179,
223.194,202,
223.24,212,
223.286,179,
223.332,156,
223.378,204,
223.424,171,
223.469,195,
223.515,158,
223.561,201,
223.607,173,
223.653,162,
223.699,239,
223.745,179,
223.791,160,
223.837,202,
223.883,140,
223.929,169,
223.975,180,
224.021,194,
224.067,140,
224.113,213,
224.158,190,
224.204,183,
224.25,238,
224.296,185,
224.342,190,
224.388,220,
224.434,215,
224.48,169,
224.525,180,
224.571,188,
224.617,216,
224.663,168,
224.709,212,
224.754,160,
224.8,206,
224.846,171,
224.892,174,
224.938,176,
224.983,180,
225.029,147,
225.075,194,
225.121,192,
225.167,162,
225.212,153,
225.258,169,
225.304,214,
225.35,176,
225.395,178,
225.441,174,
225.487,223,
225.532,176,
225.578,172,
225.624,184,
225.67,204,
225.715,190,
225.761,185,
225.807,236,
225.852,146,
225.898,201,
225.944,194,
225.989,245,
226.035,221,
226.08,77,
226.126,215,
226.172,160,
226.217,186,
226.263,185,
226.309,204,
226.354,190,
226.4,229,
226.445,219,
226.491,206,
226.537,184,
226.582,212,
226.628,202,
226.673,192,
226.719,160,
226.764,195,
226.81,180,
226.855,183,
226.901,183,
226.947,246,
226.992,249,
227.038,215,
227.083,189,
227.129,247,
227.174,219,
227.22,166,
227.265,165,
227.311,199,
227.356,199,
227.402,203,
227.447,165,
227.492,206,
227.538,151,
227.583,186,
227.629,213,
227.674,222,
227.72,172,
227.765,179,
227.81,172,
227.856,183,
227.901,226,
227.947,176,
227.992,143,
228.037,191,
228.083,199,
228.128,183,
228.174,213,
228.219,240,
228.264,220,
228.31,172,
228.355,212,
228.4,253,
228.446,199,
228.491,197,
228.536,203,
228.582,201,
228.627,214,
228.672,185,
228.717,231,
228.763,208,
228.808,192,
228.853,219,
228.899,213,
228.944,274,
228.989,208,
229.034,227,
229.08,185,
229.125,234,
229.17,227,
229.215,191,
229.261,234,
229.306,203,
229.351,192,
229.396,292,
229.441,228,
229.487,286,
229.532,238,
229.577,280,
229.622,243,
229.667,292,
229.712,246,
229.758,296,
229.803,232,
229.848,244,
229.893,196,
229.938,218,
229.983,237,
230.028,194,
230.074,217,
230.119,244,
230.164,210,
230.209,221,
230.254,257,
230.299,195,
230.344,258,
230.389,263,
230.434,209,
230.479,228,
230.524,223,
230.569,165,
230.614,211,
230.66,212,
230.705,204,
230.75,263,
230.795,254,
230.84,232,
230.885,218,
230.93,226,
230.975,196,
231.02,217,
231.065,212,
231.11,250,
231.155,154,
231.199,248,
231.244,184,
231.289,244,
231.334,238,
231.379,237,
231.424,216,
231.469,197,
231.514,212,
231.559,206,
231.604,237,
231.649,167,
231.694,218,
231.739,206,
231.783,215,
231.828,242,
231.873,169,
231.918,224,
231.963,260,
232.008,262,
232.053,221,
232.098,246,
232.142,190,
232.187,203,
232.232,264,
232.277,289,
232.322,183,
232.366,233,
232.411,208,
232.456,208,
232.501,260,
232.546,215,
232.59,235,
232.635,238,
232.68,203,
232.725,222,
232.769,238,
232.814,180,
232.859,230,
232.904,217,
232.948,178,
232.993,231,
233.038,246,
233.083,233,
233.127,244,
233.172,152,
233.217,238,
233.261,231,
233.306,237,
233.351,255,
233.395,215,
233.44,177,
233.485,209,
233.529,238,
233.574,181,
233.619,238,
233.663,280,
233.708,191,
233.752,212,
233.797,266,
233.842,265,
233.886,243,
233.931,251,
233.975,224,
234.02,242,
234.065,250,
234.109,201,
234.154,260,
234.198,218,
234.243,206,
234.287,211,
234.332,272,
234.377,244,
234.421,292,
234.466,185,
234.51,242,
234.555,243,
234.599,244,
234.644,249,
234.688,251,
234.733,227,
234.777,251,
234.822,247,
234.866,234,
234.91,276,
234.955,242,
234.999,240,
235.044,239,
235.088,226,
235.133,216,
235.177,233,
235.221,240,
235.266,246,
235.31,223,
235.355,230,
235.399,228,
235.443,224,
235.488,155,
235.532,205,
235.577,256,
235.621,231,
235.665,194,
235.71,245,
235.754,278,
235.798,210,
235.843,228,
235.887,242,
235.931,263,
235.976,260,
236.02,264,
236.064,209,
236.109,224,
236.153,258,
236.197,192,
236.241,241,
236.286,199,
236.33,253,
236.374,262,
236.418,240,
236.463,217,
236.507,304,
236.551,251,
236.595,307,
236.64,237,
236.684,281,
236.728,348,
236.772,359,
236.816,296,
236.861,252,
236.905,233,
236.949,244,
236.993,264,
237.037,244,
237.082,240,
237.126,231,
237.17,235,
237.214,263,
237.258,339,
237.302,334,
237.346,330,
237.39,365,
237.435,303,
237.479,276,
237.523,253,
237.567,246,
237.611,222,
237.655,242,
237.699,233,
237.743,282,
237.787,321,
237.831,271,
237.875,248,
237.919,229,
237.963,210,
238.008,236,
238.052,250,
238.096,225,
238.14,242,
238.184,357,
238.228,337,
238.272,251,
238.316,294,
238.36,276,
238.404,284,
238.447,237,
238.491,271,
238.535,235,
238.579,213,
238.623,292,
238.667,275,
238.711,235,
238.755,215,
238.799,215,
238.843,257,
238.887,325,
238.931,240,
238.975,310,
239.019,251,
239.062,231,
239.106,291,
239.15,267,
239.194,214,
239.238,228,
239.282,278,
239.326,246,
239.369,260,
239.413,269,
239.457,272,
239.501,296,
239.545,318,
239.589,261,
239.632,324,
239.676,319,
239.72,257,
239.764,265,
239.807,257,
239.851,230,
239.895,246,
239.939,216,
239.983,270,
240.026,248,
240.07,269,
240.114,266,
240.158,237,
240.201,208,
240.245,246,
240.289,224,
240.332,251,
240.376,221,
240.42,212,
240.463,275,
240.507,271,
240.551,251,
240.594,240,
240.638,283,
240.682,265,
240.725,277,
240.769,199,
240.813,288,
240.856,235,
240.9,231,
240.944,219,
240.987,249,
241.031,267,
241.074,251,
241.118,306,
241.162,262,
241.205,305,
241.249,258,
241.292,229,
241.336,260,
241.379,244,
241.423,225,
241.466,275,
241.51,204,
241.554,253,
241.597,241,
241.641,230,
241.684,280,
241.728,232,
241.771,260,
241.815,245,
241.858,237,
241.902,223,
241.945,220,
241.989,278,
242.032,234,
242.075,287,
242.119,253,
242.162,223,
242.206,214,
242.249,224,
242.293,190,
242.336,269,
242.379,324,
242.423,215,
242.466,260,
242.51,236,
242.553,247,
242.596,252,
242.64,211,
242.683,201,
242.727,226,
242.77,243,
242.813,240,
242.857,206,
242.9,222,
242.943,249,
242.987,312,
243.03,287,
243.073,271,
243.116,218,
243.16,323,
243.203,222,
243.246,195,
243.29,264,
243.333,228,
243.376,235,
243.419,253,
243.463,287,
243.506,341,
243.549,333,
243.592,267,
243.636,265,
243.679,255,
243.722,275,
243.765,269,
243.809,246,
243.852,246,
243.895,287,
243.938,276,
243.981,202,
244.024,247,
244.068,239,
244.111,293,
244.154,220,
244.197,238,
244.24,208,
244.283,233,
244.327,291,
244.37,224,
244.413,282,
244.456,235,
244.499,181,
244.542,262,
244.585,226,
244.628,212,
244.671,224,
244.714,223,
244.757,263,
244.801,260,
244.844,231,
244.887,199,
244.93,239,
244.973,219,
245.016,291,
245.059,264,
245.102,169,
245.145,256,
245.188,248,
245.231,249,
245.274,265,
245.317,262,
245.36,212,
245.403,197,
245.446,244,
245.489,216,
245.532,210,
245.575,260,
245.617,234,
245.66,256,
245.703,296,
245.746,210,
245.789,307,
245.832,283,
245.875,228,
245.918,281,
245.961,249,
246.004,187,
246.047,254,
246.089,234,
246.132,271,
246.175,227,
246.218,269,
246.261,255,
246.304,226,
246.347,269,
246.389,253,
246.432,235,
246.475,230,
246.518,267,
246.561,278,
246.603,258,
246.646,226,
246.689,251,
246.732,219,
246.775,224,
246.817,265,
246.86,242,
246.903,226,
246.946,314,
246.988,262,
247.031,270,
247.074,251,
247.116,226,
247.159,300,
247.202,235,
247.245,239,
247.287,264,
247.33,298,
247.373,240,
247.415,253,
247.458,256,
247.501,242,
247.543,271,
247.586,236,
247.629,312,
247.671,203,
247.714,231,
247.756,321,
247.799,324,
247.842,459,
247.884,422,
247.927,407,
247.97,344,
248.012,337,
248.055,291,
248.097,253,
248.14,285,
248.182,237,
248.225,244,
248.267,294,
248.31,323,
248.353,351,
248.395,294,
248.438,312,
248.48,271,
248.523,269,
248.565,296,
248.608,219,
248.65,289,
248.693,258,
248.735,240,
248.778,294,
248.82,248,
248.863,309,
248.905,255,
248.947,197,
248.99,243,
249.032,267,
249.075,281,
249.117,290,
249.16,266,
249.202,244,
249.244,251,
249.287,240,
249.329,276,
249.372,231,
249.414,276,
249.456,251,
249.499,240,
249.541,244,
249.583,251,
249.626,255,
249.668,215,
249.71,227,
249.753,233,
249.795,247,
249.837,233,
249.88,213,
249.922,281,
249.964,228,
250.007,215,
250.049,231,
250.091,280,
250.133,256,
250.176,210,
250.218,230,
250.26,294,
250.302,267,
250.345,231,
250.387,191,
250.429,223,
250.471,257,
250.513,208,
250.556,208,
250.598,216,
250.64,335,
250.682,559,
250.724,588,
250.767,538,
250.809,294,
250.851,325,
250.893,245,
250.935,219,
250.977,224,
251.019,253,
251.062,260,
251.104,282,
251.146,291,
251.188,242,
251.23,276,
251.272,275,
251.314,211,
251.356,231,
251.398,389,
251.44,513,
251.483,631,
251.525,448,
251.567,593,
251.609,943,
251.651,979,
251.693,753,
251.735,401,
251.777,404,
251.819,231,
251.861,353,
251.903,488,
251.945,431,
251.987,490,
252.029,323,
252.071,315,
252.113,273,
252.155,289,
252.197,207,
252.239,297,
252.281,314,
252.322,335,
252.364,386,
252.406,550,
252.448,641,
252.49,574,
252.532,346,
252.574,352,
252.616,236,
252.658,323,
252.7,219,
252.741,353,
252.783,337,
252.825,564,
252.867,593,
252.909,597,
252.951,389,
252.993,332,
253.034,292,
253.076,306,
253.118,255,
253.16,253,
253.202,257,
253.243,287,
253.285,253,
253.327,238,
253.369,225,
253.41,218,
253.452,265,
253.494,251,
253.536,258,
253.577,255,
253.619,235,
253.661,221,
253.703,215,
253.744,226,
253.786,228,
253.828,217,
253.87,222,
253.911,265,
253.953,258,
253.995,237,
254.036,213,
254.078,241,
254.12,254,
254.161,249,
254.203,283,
254.244,231,
254.286,257,
254.328,233,
254.369,253,
254.411,205,
254.453,232,
254.494,149,
254.536,199,
254.577,269,
254.619,222,
254.66,269,
254.702,188,
254.744,217,
254.785,213,
254.827,201,
254.868,200,
254.91,247,
254.951,253,
254.993,225,
255.034,246,
255.076,263,
255.117,203,
255.159,204,
255.2,248,
255.242,179,
255.283,194,
255.325,249,
255.366,219,
255.408,244,
255.449,204,
255.491,246,
255.532,271,
255.573,235,
255.615,215,
255.656,233,
255.698,252,
255.739,229,
255.781,289,
255.822,250,
255.863,217,
255.905,247,
255.946,247,
255.987,264,
256.029,244,
256.07,176,
256.111,274,
256.153,262,
256.194,251,
256.235,294,
256.277,293,
256.318,307,
256.359,258,
256.401,253,
256.442,194,
256.483,271,
256.525,275,
256.566,294,
256.607,228,
256.648,282,
256.69,308,
256.731,314,
256.772,260,
256.813,280,
256.855,274,
256.896,271,
256.937,207,
256.978,265,
257.019,233,
257.061,278,
257.102,218,
257.143,243,
257.184,232,
257.225,251,
257.266,250,
257.308,293,
257.349,294,
257.39,224,
257.431,275,
257.472,272,
257.513,366,
257.554,355,
257.596,317,
257.637,285,
257.678,261,
257.719,258,
257.76,217,
257.801,176,
257.842,267,
257.883,229,
257.924,235,
257.965,296,
258.006,289,
258.047,334,
258.088,268,
258.129,294,
258.17,257,
258.211,259,
258.252,244,
258.293,235,
258.334,279,
258.375,246,
258.416,221,
258.457,236,
258.498,245,
258.539,243,
258.58,280,
258.621,361,
258.662,310,
258.703,267,
258.744,247,
258.785,237,
258.826,246,
258.867,220,
258.908,357,
258.949,265,
258.989,234,
259.03,265,
259.071,288,
259.112,248,
259.153,252,
259.194,258,
259.235,217,
259.275,296,
259.316,235,
259.357,252,
259.398,239,
259.439,278,
259.48,236,
259.52,235,
259.561,290,
259.602,282,
259.643,242,
259.684,227,
259.724,253,
259.765,275,
259.806,308,
259.847,287,
259.887,316,
259.928,361,
259.969,353,
260.009,346,
260.05,252,
260.091,291,
260.132,242,
260.172,219,
260.213,280,
260.254,209,
260.294,256,
260.335,251,
260.376,263,
260.416,254,
260.457,268,
260.498,215,
260.538,252,
260.579,274,
260.62,242,
260.66,288,
260.701,324,
260.741,317,
260.782,304,
260.823,264,
260.863,284,
260.904,266,
260.944,237,
260.985,229,
261.025,280,
261.066,241,
261.107,286,
261.147,273,
261.188,287,
261.228,299,
261.269,280,
261.309,283,
261.35,237,
261.39,267,
261.431,299,
261.471,251,
261.512,278,
261.552,285,
261.593,280,
261.633,253,
261.673,262,
261.714,303,
261.754,278,
261.795,348,
261.835,260,
261.876,210,
261.916,299,
261.956,247,
261.997,247,
262.037,222,
262.078,326,
262.118,192,
262.158,310,
262.199,271,
262.239,250,
262.279,242,
262.32,240,
262.36,247,
262.4,229,
262.441,282,
262.481,214,
262.521,319,
262.562,269,
262.602,249,
262.642,282,
262.683,260,
262.723,285,
262.763,235,
262.803,264,
262.844,240,
262.884,256,
262.924,229,
262.964,262,
263.005,294,
263.045,281,
263.085,351,
263.125,323,
263.166,375,
263.206,276,
263.246,290,
263.286,280,
263.326,253,
263.366,289,
263.407,250,
263.447,281,
263.487,206,
263.527,239,
263.567,306,
263.607,297,
263.647,249,
263.688,220,
263.728,204,
263.768,284,
263.808,272,
263.848,229,
263.888,278,
263.928,240,
263.968,258,
264.008,254,
264.048,233,
264.088,208,
264.128,260,
264.169,246,
264.209,287,
264.249,264,
264.289,213,
264.329,294,
264.369,241,
264.409,240,
264.449,316,
264.489,202,
264.529,222,
264.569,299,
264.609,289,
264.648,230,
264.688,287,
264.728,275,
264.768,260,
264.808,271,
264.848,269,
264.888,255,
264.928,201,
264.968,269,
265.008,239,
265.048,239,
265.088,265,
265.127,226,
265.167,253,
265.207,273,
265.247,299,
265.287,337,
265.327,183,
265.367,265,
265.406,208,
265.446,285,
265.486,213,
265.526,297,
265.566,270,
265.606,249,
265.645,282,
265.685,195,
265.725,267,
265.765,219,
265.804,267,
265.844,299,
265.884,237,
265.924,262,
265.963,252,
266.003,221,
266.043,321,
266.083,277,
266.122,250,
266.162,232,
266.202,238,
266.241,291,
266.281,235,
266.321,269,
266.36,256,
266.4,297,
266.44,260,
266.479,179,
266.519,235,
266.559,243,
266.598,228,
266.638,237,
266.678,251,
266.717,240,
266.757,261,
266.796,281,
266.836,257,
266.876,235,
266.915,275,
266.955,210,
266.994,174,
267.034,256,
267.073,199,
267.113,217,
267.152,242,
267.192,220,
267.232,251,
267.271,267,
267.311,226,
267.35,209,
267.39,199,
267.429,231,
267.469,258,
267.508,210,
267.547,169,
267.587,232,
267.626,208,
267.666,260,
267.705,235,
267.745,224,
267.784,249,
267.824,230,
267.863,276,
267.902,237,
267.942,301,
267.981,312,
268.021,239,
268.06,231,
268.099,287,
268.139,256,
268.178,190,
268.217,239,
268.257,284,
268.296,228,
268.335,303,
268.348,18,
268.42,18,
268.491,60,
268.563,29,
268.634,27,
268.706,16,
268.777,34,
268.849,63,
268.92,43,
268.992,43,
269.063,43,
269.135,39,
269.206,55,
269.278,64,
269.349,56,
269.421,12,
269.492,72,
269.564,46,
269.635,74,
269.707,20,
269.778,41,
269.85,62,
269.921,69,
269.993,74,
270.064,60,
270.135,9,
270.207,68,
270.278,68,
270.35,69,
270.421,62,
270.493,29,
270.564,23,
270.636,68,
270.707,68,
270.778,81,
270.85,55,
270.921,70,
270.993,72,
271.064,84,
271.135,104,
271.207,45,
271.278,58,
271.35,67,
271.421,97,
271.492,91,
271.564,60,
271.635,81,
271.706,152,
271.778,97,
271.849,68,
271.92,99,
271.992,49,
272.063,72,
272.134,113,
272.206,84,
272.277,139,
272.348,83,
272.42,85,
272.491,125,
272.562,83,
272.634,60,
272.705,81,
272.776,103,
272.848,75,
272.919,106,
272.99,79,
273.061,72,
273.133,98,
273.204,79,
273.275,84,
273.347,69,
273.418,113,
273.489,60,
273.56,89,
273.632,111,
273.703,87,
273.774,96,
273.845,97,
273.916,91,
273.988,94,
274.059,102,
274.13,76,
274.201,96,
274.273,91,
274.344,113,
274.415,97,
274.486,89,
274.557,104,
274.629,137,
274.7,112,
274.771,66,
274.842,63,
274.913,103,
274.984,120,
275.056,156,
275.127,65,
275.198,111,
275.269,125,
275.34,146,
275.411,134,
275.482,74,
275.554,81,
275.625,65,
275.696,108,
275.767,87,
275.838,147,
275.909,102,
275.98,98,
276.051,82,
276.122,122,
276.194,93,
276.265,77,
276.336,93,
276.407,108,
276.478,94,
276.549,117,
276.62,94,
276.691,101,
276.762,93,
276.833,91,
276.904,115,
276.975,95,
277.046,81,
277.117,135,
277.188,139,
277.259,106,
277.33,119,
277.401,77,
277.472,94,
277.543,115,
277.614,89,
277.685,100,
277.756,77,
277.827,65,
277.898,103,
277.969,96,
278.04,98,
278.111,89,
278.182,80,
278.253,158,
278.324,120,
278.395,91,
278.466,72,
278.537,79,
278.608,108,
278.679,108,
278.75,89,
278.821,79,
278.891,100,
278.962,81,
279.033,115,
279.104,95,
279.175,99,
279.246,76,
279.317,96,
279.388,110,
279.459,86,
279.529,97,
279.6,71,
279.671,120,
279.742,238,
279.813,859,
279.884,503,
279.955,141,
280.025,106,
280.096,164,
280.167,120,
280.238,95,
280.309,122,
280.379,94,
280.45,175,
280.521,612,
280.592,345,
280.663,63,
280.733,85,
280.804,102,
280.875,123,
280.946,84,
281.017,86,
281.087,84,
281.158,91,
281.229,122,
281.3,69,
281.37,89,
281.441,72,
281.512,103,
281.583,118,
281.653,104,
281.724,72,
281.795,89,
281.865,103,
281.936,94,
282.007,73,
282.077,94,
282.148,79,
282.219,117,
282.29,70,
282.36,114,
282.431,103,
282.502,89,
282.572,105,
282.643,74,
282.713,110,
282.784,106,
282.855,103,
282.925,117,
282.996,125,
283.067,60,
283.137,79,
283.208,87,
283.278,133,
283.349,103,
283.42,116,
283.49,84,
283.561,67,
283.631,89,
283.702,131,
283.773,76,
283.843,86,
283.914,117,
283.984,118,
284.055,175,
284.125,134,
284.196,90,
284.266,87,
284.337,111,
284.408,91,
284.478,96,
284.549,116,
284.619,90,
284.69,124,
284.76,115,
284.831,107,
284.901,98,
284.972,80,
285.042,106,
285.112,111,
285.183,96,
285.253,80,
285.324,175,
285.394,505,
285.465,470,
285.535,128,
285.606,118,
285.676,89,
285.746,82,
285.817,117,
285.887,101,
285.958,122,
286.028,114,
286.099,127,
286.169,111,
286.239,126,
286.31,127,
286.38,105,
286.45,123,
286.521,123,
286.591,111,
286.662,152,
286.732,94,
286.802,146,
286.873,149,
286.943,125,
287.013,115,
287.084,85,
287.154,81,
287.224,135,
287.295,132,
287.365,112,
287.435,127,
287.505,99,
287.576,137,
287.646,128,
287.716,135,
287.787,120,
287.857,80,
287.927,161,
287.997,127,
288.068,136,
288.138,127,
288.208,180,
288.278,384,
288.348,1137,
288.419,379,
288.489,197,
288.559,179,
288.629,157,
288.7,108,
288.77,135,
288.84,144,
288.91,155,
288.98,158,
289.05,168,
289.121,151,
289.191,176,
289.261,129,
289.331,130,
289.401,140,
289.471,100,
289.542,143,
289.612,127,
289.682,136,
289.752,156,
289.822,137,
289.892,153,
289.962,137,
290.032,110,
290.102,127,
290.172,125,
290.243,153,
290.313,146,
290.383,120,
290.453,172,
290.523,151,
290.593,160,
290.663,160,
290.733,84,
290.803,101,
290.873,112,
290.943,112,
291.013,171,
291.083,177,
291.153,117,
291.223,150,
291.293,146,
291.363,149,
291.433,127,
291.503,136,
291.573,142,
291.643,166,
291.713,149,
291.783,144,
291.853,163,
291.923,163,
291.993,163,
292.063,142,
292.132,153,
292.202,168,
292.272,94,
292.342,147,
292.412,141,
292.482,168,
292.552,92,
292.622,162,
292.692,139,
292.761,143,
292.831,156,
292.901,166,
292.971,156,
293.041,128,
293.111,202,
293.181,126,
293.25,171,
293.32,168,
293.39,126,
293.46,151,
293.53,158,
293.599,150,
293.669,119,
293.739,149,
293.809,158,
293.879,178,
293.948,146,
294.018,134,
294.088,125,
294.158,151,
294.227,137,
294.297,154,
294.367,168,
294.437,179,
294.506,139,
294.576,146,
294.646,163,
294.715,150,
294.785,188,
294.855,204,
294.925,188,
294.994,184,
295.064,117,
295.134,163,
295.203,130,
295.273,149,
295.343,122,
295.412,133,
295.482,175,
295.551,191,
295.621,130,
295.691,156,
295.76,149,
295.83,180,
295.9,160,
295.969,156,
296.039,177,
296.108,203,
296.178,196,
296.247,153,
296.317,173,
296.387,152,
296.456,177,
296.526,156,
296.595,186,
296.665,148,
296.734,169,
296.804,221,
296.873,136,
296.943,208,
297.012,200,
297.082,156,
297.151,170,
297.221,161,
297.29,127,
297.36,161,
297.429,202,
297.499,168,
297.568,131,
297.638,194,
297.707,146,
297.776,176,
297.846,156,
297.915,150,
297.985,193,
298.054,146,
298.123,187,
298.193,138,
298.262,182,
298.332,174,
298.401,161,
298.47,197,
298.54,176,
298.609,168,
298.679,146,
298.748,223,
298.817,158,
298.887,182,
298.956,161,
299.025,185,
299.094,201,
299.164,161,
299.233,137,
299.302,162,
299.372,167,
299.441,147,
299.51,204,
299.58,216,
299.649,180,
299.718,127,
299.787,131,
299.857,193,
299.926,179,
299.995,144,
300.064,177,
300.133,189,
300.203,207,
300.272,152,
300.341,124,
300.41,132,
300.479,206,
300.549,163,
300.618,192,
300.687,135,
300.756,192,
300.825,182,
300.894,190,
300.964,228,
301.033,158,
301.102,127,
301.171,129,
301.24,171,
301.309,171,
301.378,175,
301.447,152,
301.516,238,
301.586,171,
301.655,161,
301.724,192,
301.793,132,
301.862,156,
301.931,176,
302,160,
302.069,164,
302.138,288,
302.207,245,
302.276,163,
302.345,190,
302.414,168,
302.483,135,
302.552,115,
302.621,144,
302.69,167,
302.759,165,
302.828,154,
302.897,140,
302.966,163,
303.035,125,
303.104,164,
303.173,140,
303.242,137,
303.31,168,
303.379,148,
303.448,106,
303.517,139,
303.586,129,
303.655,179,
303.724,171,
303.793,149,
303.862,173,
303.93,116,
303.999,144,
304.068,156,
304.137,126,
304.206,80,
304.275,195,
304.343,153,
304.412,170,
304.481,166,
304.55,113,
304.619,112,
304.687,137,
304.756,120,
304.825,186,
304.894,161,
304.962,164,
305.031,161,
305.1,161,
305.169,163,
305.237,112,
305.306,109,
305.375,116,
305.444,147,
305.512,122,
305.581,147,
305.65,108,
305.718,145,
305.787,125,
305.856,129,
305.924,125,
305.993,204,
306.062,144,
306.13,166,
306.199,132,
306.268,156,
306.336,147,
306.405,128,
306.473,172,
306.542,170,
306.611,156,
306.679,125,
306.748,180,
306.816,141,
306.885,120,
306.953,138,
307.022,156,
307.09,146,
307.159,154,
307.228,140,
307.296,166,
307.365,166,
307.433,168,
307.502,150,
307.57,168,
307.639,162,
307.707,113,
307.776,138,
307.844,149,
307.912,180,
307.981,126,
308.049,118,
308.118,134,
308.186,178,
308.255,576,
308.323,745,
308.391,213,
308.46,164,
308.528,115,
308.597,181,
308.665,105,
308.733,168,
308.802,171,
308.87,229,
308.938,159,
309.007,180,
309.075,176,
309.143,130,
309.212,203,
309.28,361,
309.348,1443,
309.417,459,
309.485,200,
309.553,187,
309.622,171,
309.69,139,
309.758,168,
309.826,121,
309.895,156,
309.963,125,
310.031,164,
310.099,132,
310.167,106,
310.236,139,
310.304,129,
310.372,140,
310.44,177,
310.508,124,
310.577,138,
310.645,132,
310.713,200,
310.781,132,
310.849,155,
310.917,103,
310.986,127,
311.054,137,
311.122,161,
311.19,142,
311.258,101,
311.326,132,
311.394,108,
311.462,134,
311.53,115,
311.598,139,
311.666,119,
311.735,189,
311.803,146,
311.871,120,
311.939,117,
312.007,134,
312.075,125,
312.143,184,
312.211,141,
312.279,115,
312.347,132,
312.415,165,
312.483,118,
312.551,154,
312.619,102,
312.686,154,
312.754,90,
312.822,155,
312.89,151,
312.958,149,
313.026,135,
313.094,143,
313.162,180,
313.23,161,
313.298,141,
313.366,106,
313.433,175,
313.501,142,
313.569,145,
313.637,141,
313.705,144,
313.773,158,
313.84,185,
313.908,159,
313.976,119,
314.044,151,
314.112,130,
314.179,173,
314.247,147,
314.315,114,
314.383,123,
314.45,182,
314.518,140,
314.586,166,
314.654,104,
314.721,143,
314.789,132,
314.857,151,
314.925,204,
314.992,125,
315.06,108,
315.128,141,
315.195,152,
315.263,154,
315.331,175,
315.398,165,
315.466,146,
315.533,182,
315.601,166,
315.669,149,
315.736,170,
315.804,163,
315.871,105,
315.939,240,
316.007,242,
316.074,197,
316.142,166,
316.209,185,
316.277,167,
316.344,204,
316.412,127,
316.479,142,
316.547,111,
316.614,147,
316.682,138,
316.749,102,
316.817,110,
316.884,210,
316.952,190,
317.019,173,
317.087,168,
317.154,153,
317.222,159,
317.289,197,
317.357,180,
317.424,142,
317.491,110,
317.559,159,
317.626,175,
317.694,130,
317.761,132,
317.828,175,
317.896,198,
317.963,274,
318.03,396,
318.098,184,
318.165,175,
318.232,208,
318.3,199,
318.367,167,
318.434,190,
318.501,127,
318.569,149,
318.636,168,
318.703,185,
318.771,175,
318.838,166,
318.905,127,
318.972,206,
319.039,105,
319.107,175,
319.174,182,
319.241,214,
319.308,176,
319.375,151,
319.443,154,
319.51,108,
319.577,176,
319.644,176,
319.711,166,
319.778,187,
319.845,163,
319.913,178,
319.98,197,
320.047,187,
320.114,185,
320.181,166,
320.248,152,
320.315,214,
320.382,166,
320.449,165,
320.516,210,
320.583,139,
320.65,136,
320.717,153,
320.784,182,
320.851,143,
320.918,127,
320.985,141,
321.052,161,
321.119,174,
321.186,168,
321.253,135,
321.32,161,
321.387,150,
321.454,178,
321.521,135,
321.588,144,
321.655,163,
321.722,208,
321.789,184,
321.855,138,
321.922,191,
321.989,104,
322.056,186,
322.123,188,
322.19,127,
322.257,142,
322.323,175,
322.39,216,
322.457,141,
322.524,127,
322.591,139,
322.657,178,
322.724,151,
322.791,168,
322.858,164,
322.924,172,
322.991,175,
323.058,168,
323.125,128,
323.191,172,
323.258,141,
323.325,181,
323.391,176,
323.458,211,
323.525,386,
323.591,214,
323.658,222,
323.725,269,
323.791,218,
323.858,181,
323.925,212,
323.991,268,
324.058,211,
324.124,185,
324.191,167,
324.258,233,
324.324,212,
324.391,155,
324.457,209,
324.524,135,
324.59,182,
324.657,182,
324.723,142,
324.79,180,
324.856,179,
324.923,161,
324.989,170,
325.056,144,
325.122,198,
325.189,159,
325.255,170,
325.322,177,
325.388,245,
325.455,201,
325.521,149,
325.587,168,
325.654,166,
325.72,141,
325.787,181,
325.853,200,
325.919,176,
325.986,165,
326.052,188,
326.118,180,
326.185,181,
326.251,221,
326.317,166,
326.384,199,
326.45,156,
326.516,134,
326.583,166,
326.649,164,
326.715,161,
326.781,168,
326.848,187,
326.914,187,
326.98,152,
327.046,144,
327.113,180,
327.179,134,
327.245,190,
327.311,141,
327.377,161,
327.444,132,
327.51,180,
327.576,176,
327.642,163,
327.708,156,
327.774,162,
327.84,163,
327.906,184,
327.973,180,
328.039,167,
328.105,209,
328.171,163,
328.237,214,
328.303,154,
328.369,192,
328.435,190,
328.501,175,
328.567,164,
328.633,134,
328.699,182,
328.765,216,
328.831,192,
328.897,228,
328.963,197,
329.029,175,
329.095,224,
329.161,166,
329.227,202,
329.293,167,
329.359,151,
329.425,185,
329.49,188,
329.556,197,
329.622,156,
329.688,171,
329.754,207,
329.82,159,
329.886,185,
329.951,160,
330.017,139,
330.083,153,
330.149,151,
330.215,199,
330.281,193,
330.346,202,
330.412,153,
330.478,161,
330.544,187,
330.609,182,
330.675,127,
330.741,188,
330.807,216,
330.872,182,
330.938,173,
331.004,147,
331.069,182,
331.135,153,
331.201,178,
331.266,161,
331.332,196,
331.398,173,
331.463,194,
331.529,199,
331.594,147,
331.66,120,
331.726,210,
331.791,178,
331.857,170,
331.922,201,
331.988,149,
332.053,203,
332.119,184,
332.185,204,
332.25,214,
332.316,176,
332.381,239,
332.447,198,
332.512,206,
332.578,216,
332.643,201,
332.708,225,
332.774,192,
332.839,234,
332.905,158,
332.97,221,
333.036,278,
333.101,278,
333.166,240,
333.232,228,
333.297,225,
333.363,202,
333.428,191,
333.493,224,
333.559,215,
333.624,253,
333.689,197,
333.755,259,
333.82,201,
333.885,233,
333.95,214,
334.016,242,
334.081,201,
334.146,243,
334.211,229,
334.277,341,
334.342,252,
334.407,247,
334.472,225,
334.538,190,
334.603,204,
334.668,182,
334.733,160,
334.798,161,
334.863,218,
334.928,253,
334.994,468,
335.059,487,
335.124,223,
335.189,218,
335.254,200,
335.319,154,
335.384,153,
335.449,154,
335.514,196,
335.579,247,
335.644,142,
335.709,159,
335.774,202,
335.84,217,
335.905,182,
335.969,202,
336.034,199,
336.099,172,
336.164,270,
336.229,407,
336.294,198,
336.359,180,
336.424,183,
336.489,151,
336.554,174,
336.619,128,
336.684,149,
336.749,163,
336.814,180,
336.878,163,
336.943,149,
337.008,154,
337.073,192,
337.138,195,
337.203,196,
337.267,263,
337.332,240,
337.397,320,
337.462,219,
337.526,209,
337.591,174,
337.656,149,
337.721,146,
337.785,208,
337.85,199,
337.915,156,
337.98,139,
338.044,173,
338.109,154,
338.174,180,
338.238,140,
338.303,112,
338.368,152,
338.432,212,
338.497,272,
338.561,202,
338.626,147,
338.691,135,
338.755,192,
338.82,150,
338.884,178,
338.949,159,
339.013,102,
339.078,173,
339.142,184,
339.207,144,
339.271,121,
339.336,168,
339.4,160,
339.465,180,
339.529,141,
339.594,173,
339.658,158,
339.723,135,
339.787,127,
339.852,141,
339.916,156,
339.98,145,
340.045,168,
340.109,166,
340.173,146,
340.238,113,
340.302,131,
340.367,152,
340.431,156,
340.495,154,
340.559,164,
340.624,133,
340.688,129,
340.752,163,
340.817,132,
340.881,132,
340.945,165,
341.009,144,
341.074,101,
341.138,132,
341.202,151,
341.266,133,
341.33,103,
341.395,159,
341.459,125,
341.523,75,
341.587,120,
341.651,153,
341.715,151,
341.779,138,
341.844,104,
341.908,91,
341.972,154,
342.036,146,
342.1,119,
342.164,112,
342.228,71,
342.292,108,
342.356,156,
342.42,160,
342.484,127,
342.548,111,
342.612,97,
342.676,151,
342.74,125,
342.804,117,
342.868,78,
342.932,84,
342.996,125,
343.06,121,
343.124,142,
343.188,130,
343.251,135,
343.315,158,
343.379,113,
343.443,136,
343.507,106,
343.571,175,
343.635,173,
343.698,167,
343.762,155,
343.826,190,
343.89,182,
343.954,196,
344.017,186,
344.081,175,
344.145,220,
344.209,278,
344.272,142,
344.336,171,
344.4,158,
344.464,131,
344.527,156,
344.591,154,
344.655,173,
344.718,180,
344.782,118,
344.845,142,
344.909,162,
344.973,111,
345.036,129,
345.1,122,
345.164,115,
345.227,141,
345.291,147,
345.354,140,
345.418,108,
345.481,111,
345.545,109,
345.608,134,
345.672,101,
345.735,146,
345.799,140,
345.862,142,
345.926,149,
345.989,109,
346.053,90,
346.116,120,
346.18,139,
346.243,158,
346.306,159,
346.37,127,
346.433,96,
346.496,133,
346.56,137,
346.623,144,
346.687,111,
346.75,105,
346.813,159,
346.876,108,
346.94,120,
347.003,89,
347.066,120,
347.13,129,
347.193,124,
347.256,135,
347.319,103,
347.383,119,
347.446,108,
347.509,156,
347.572,170,
347.635,160,
347.699,142,
347.762,173,
347.825,140,
347.888,151,
347.951,166,
348.014,105,
348.077,144,
348.14,168,
348.204,134,
348.267,137,
348.33,153,
348.393,120,
348.456,108,
348.519,127,
348.582,122,
348.645,138,
348.708,131,
348.771,144,
348.834,158,
348.897,122,
348.96,87,
349.023,156,
349.086,142,
349.149,177,
349.212,190,
349.274,161,
349.337,149,
349.4,140,
349.463,144,
349.526,151,
349.589,110,
349.652,137,
349.715,154,
349.777,132,
349.84,135,
349.903,119,
349.966,142,
350.029,101,
350.091,151,
350.154,135,
350.217,122,
350.28,124,
350.342,118,
350.405,148,
350.468,132,
350.53,125,
350.593,156,
350.656,115,
350.718,122,
350.781,154,
350.844,115,
350.906,122,
350.969,115,
351.032,114,
351.094,139,
351.157,126,
351.219,175,
351.282,137,
351.344,97,
351.407,144,
351.47,129,
351.532,123,
351.595,130,
351.657,159,
351.72,166,
351.782,106,
351.845,146,
351.907,133,
351.969,119,
352.032,130,
352.094,146,
352.157,152,
352.219,137,
352.282,155,
352.344,125,
352.406,108,
352.469,105,
352.531,106,
352.593,166,
352.656,126,
352.718,123,
352.78,127,
352.843,125,
352.905,132,
352.967,115,
353.029,129,
353.092,130,
353.154,156,
353.216,127,
353.278,144,
353.341,153,
353.403,163,
353.465,129,
353.527,142,
353.589,108,
353.651,127,
353.714,146,
353.776,120,
353.838,146,
353.9,152,
353.962,154,
354.024,98,
354.086,116,
354.148,157,
354.21,158,
354.272,147,
354.334,103,
354.396,135,
354.458,137,
354.52,130,
354.582,170,
354.644,108,
354.706,159,
354.768,127,
354.83,158,
354.892,149,
354.954,151,
355.016,125,
355.078,130,
355.14,132,
355.202,115,
355.264,137,
355.325,132,
355.387,142,
355.449,149,
355.511,103,
355.573,185,
355.635,161,
355.696,115,
355.758,130,
355.82,175,
355.882,154,
355.943,144,
356.005,185,
356.067,154,
356.129,173,
356.19,125,
356.252,161,
356.314,159,
356.375,165,
356.437,163,
356.499,135,
356.56,151,
356.622,202,
356.683,202,
356.745,178,
356.807,169,
356.868,96,
356.93,111,
356.991,119,
357.053,108,
357.114,252,
357.176,201,
357.237,112,
357.299,140,
357.36,134,
357.422,178,
357.483,132,
357.545,158,
357.606,163,
357.668,163,
357.729,182,
357.79,151,
357.852,164,
357.913,166,
357.975,180,
358.036,156,
358.097,113,
358.159,180,
358.22,368,
358.281,329,
358.343,181,
358.404,214,
358.465,178,
358.526,165,
358.588,142,
358.649,192,
358.71,199,
358.771,144,
358.833,202,
358.894,153,
358.955,131,
359.016,156,
359.077,108,
359.139,174,
359.2,163,
359.261,162,
359.322,118,
359.383,132,
359.444,156,
359.505,182,
359.566,120,
359.627,157,
359.688,123,
359.749,133,
359.81,150,
359.871,91,
359.932,127,
359.993,154,
360.054,119,
360.115,122,
360.176,139,
360.237,131,
360.298,101,
360.359,174,
360.42,164,
360.481,108,
360.542,81,
360.603,144,
360.664,137,
360.724,137,
360.785,137,
360.846,118,
360.907,125,
360.968,183,
361.029,187,
361.089,160,
361.15,168,
361.211,110,
361.272,147,
361.332,129,
361.393,122,
361.454,134,
361.515,166,
361.575,127,
361.636,152,
361.697,103,
361.757,139,
361.818,150,
361.878,132,
361.939,149,
362,225,
362.06,113,
362.121,131,
362.181,125,
362.242,96,
362.303,127,
362.363,111,
362.424,110,
362.484,167,
362.545,101,
362.605,104,
362.666,113,
362.726,148,
362.787,144,
362.847,133,
362.907,108,
362.968,134,
363.028,139,
363.089,150,
363.149,141,
363.209,132,
363.27,247,
363.33,149,
363.39,132,
363.451,135,
363.511,103,
363.571,114,
363.632,186,
363.692,218,
363.752,144,
363.812,151,
363.873,89,
363.933,91,
363.993,130,
364.053,155,
364.114,164,
364.174,110,
364.234,106,
364.294,124,
364.354,152,
364.414,220,
364.474,163,
364.535,175,
364.595,163,
364.655,120,
364.715,95,
364.775,185,
364.835,110,
364.895,194,
364.955,186,
365.015,101,
365.075,139,
365.135,135,
365.195,94,
365.255,139,
365.315,109,
365.375,120,
365.435,236,
365.495,182,
365.555,135,
365.614,121,
365.674,132,
365.734,79,
365.794,149,
365.854,156,
365.914,127,
365.974,112,
366.033,108,
366.093,111,
366.153,141,
366.213,96,
366.273,96,
366.332,108,
366.392,102,
366.452,159,
366.511,115,
366.571,124,
366.631,115,
366.69,131,
366.75,113,
366.81,134,
366.869,90,
366.929,96,
366.989,113,
367.048,111,
367.108,118,
367.167,105,
367.227,140,
367.287,130,
367.346,128,
367.406,112,
367.465,116,
367.525,94,
367.584,96,
367.644,140,
367.703,113,
367.763,87,
367.822,94,
367.881,151,
367.941,139,
368,104,
368.06,129,
368.119,101,
368.178,138,
368.238,134,
368.297,108,
368.356,110,
368.416,115,
368.475,98,
368.534,124,
368.594,219,
368.653,192,
368.712,134,
368.771,99,
368.831,137,
368.89,134,
368.949,101,
369.008,86,
369.067,67,
369.127,118,
369.186,128,
369.245,122,
369.304,89,
369.363,83,
369.422,100,
369.481,118,
369.54,111,
369.599,137,
369.659,115,
369.718,115,
369.777,125,
369.836,118,
369.895,100,
369.954,109,
370.013,115,
370.072,128,
370.131,156,
370.19,107,
370.248,109,
370.307,103,
370.366,158,
370.425,141,
370.484,96,
370.543,123,
370.602,103,
370.661,176,
370.719,171,
370.778,120,
370.837,114,
370.896,134,
370.955,124,
371.013,128,
371.072,109,
371.131,97,
371.19,124,
371.248,134,
371.307,108,
371.366,108,
371.424,83,
371.483,122,
371.542,105,
371.6,120,
371.659,91,
371.718,90,
371.776,134,
371.835,137,
371.893,125,
371.952,120,
372.011,144,
372.069,363,
372.128,187,
372.186,132,
372.245,115,
372.303,143,
372.362,134,
372.42,89,
372.479,135,
372.537,132,
372.595,113,
372.654,105,
372.712,108,
372.771,159,
372.829,125,
372.887,108,
372.946,79,
373.004,126,
373.062,121,
373.121,99,
373.179,106,
373.237,115,
373.296,137,
373.354,177,
373.412,139,
373.47,103,
373.529,299,
373.587,230,
373.645,131,
373.703,140,
373.761,298,
373.819,185,
373.878,105,
373.936,135,
373.994,83,
374.052,76,
374.11,116,
374.168,171,
374.226,129,
374.284,98,
374.342,60,
374.4,115,
374.458,132,
374.516,98,
374.574,146,
374.632,200,
374.69,115,
374.748,118,
374.806,122,
374.864,185,
374.922,133,
374.98,263,
375.038,247,
375.096,120,
375.154,125,
375.211,123,
375.269,104,
375.327,172,
375.385,163,
375.443,125,
375.5,147,
375.558,65,
375.616,125,
375.674,106,
375.731,136,
375.789,139,
375.847,178,
375.905,151,
375.962,163,
376.02,171,
376.078,113,
376.135,113,
376.193,135,
376.25,132,
376.308,79,
376.366,105,
376.423,116,
376.481,124,
376.538,89,
376.596,122,
376.653,90,
376.711,82,
376.768,91,
376.826,111,
376.883,110,
376.941,120,
376.998,60,
377.056,89,
377.113,118,
377.17,110,
377.228,125,
377.285,79,
377.343,82,
377.4,105,
377.457,105,
377.515,110,
377.572,86,
377.629,135,
377.686,127,
377.744,100,
377.801,120,
377.858,96,
377.915,58,
377.973,96,
378.03,134,
378.087,98,
378.144,96,
378.201,113,
378.259,83,
378.316,79,
378.373,111,
378.43,92,
378.487,92,
378.544,110,
378.601,110,
378.658,110,
378.715,84,
378.772,77,
378.829,75,
378.886,141,
378.943,82,
379,72,
379.057,92,
379.114,51,
379.171,62,
379.228,86,
379.285,113,
379.342,86,
379.399,84,
379.456,94,
379.513,120,
379.569,128,
379.626,53,
379.683,67,
379.74,72,
379.797,110,
379.853,94,
379.91,97,
379.967,98,
380.024,101,
380.08,84,
380.137,111,
380.194,70,
380.25,86,
380.307,73,
380.364,86,
380.42,104,
380.477,110,
380.534,84,
380.59,101,
380.647,89,
380.703,114,
380.76,81,
380.817,59,
380.873,90,
380.93,103,
380.986,110,
381.043,120,
381.099,96,
381.156,101,
381.212,85,
381.268,131,
381.325,84,
381.381,81,
381.438,118,
381.494,86,
381.55,119,
381.607,135,
381.663,108,
381.719,92,
381.776,118,
381.832,91,
381.888,123,
381.945,96,
382.001,187,
382.057,218,
382.113,146,
382.17,88,
382.226,86,
382.282,78,
382.338,89,
382.394,125,
382.45,139,
382.507,144,
382.563,192,
382.619,115,
382.675,161,
382.731,156,
382.787,95,
382.843,115,
382.899,130,
382.955,127,
383.011,88,
383.067,135,
383.123,112,
383.179,201,
383.235,142,
383.291,103,
383.347,120,
383.403,139,
383.459,106,
383.515,113,
383.571,99,
383.626,117,
383.682,91,
383.738,161,
383.794,231,
383.85,125,
383.906,139,
383.961,100,
384.017,162,
384.073,129,
384.129,98,
384.184,98,
384.24,80,
384.296,91,
384.351,101,
384.407,142,
384.463,89,
384.518,110,
384.574,94,
384.63,142,
384.685,149,
384.741,133,
384.796,104,
384.852,100,
384.907,135,
384.963,159,
385.019,132,
385.074,132,
385.129,104,
385.185,125,
385.24,147,
385.296,121,
385.351,124,
385.407,142,
385.462,137,
385.518,123,
385.573,150,
385.628,127,
385.684,91,
385.739,116,
385.794,110,
385.85,180,
385.905,240,
385.96,187,
386.015,96,
386.071,174,
386.126,154,
386.181,84,
386.236,161,
386.291,116,
386.347,130,
386.402,115,
386.457,122,
386.512,133,
386.567,127,
386.622,135,
386.677,137,
386.733,114,
386.788,104,
386.843,112,
386.898,132,
386.953,156,
386.96,160,
387.055,160,
387.151,227,
387.246,217,
387.342,207,
387.437,192,
387.532,213,
387.628,279,
387.723,194,
387.818,197,
387.914,177,
388.009,186,
388.104,207,
388.2,207,
388.295,218,
388.391,231,
388.486,300,
388.581,271,
388.677,307,
388.772,236,
388.867,204,
388.963,197,
389.058,188,
389.153,177,
389.249,195,
389.344,165,
389.439,192,
389.535,213,
389.63,170,
389.725,186,
389.821,200,
389.916,220,
390.011,167,
390.107,197,
390.202,204,
390.297,213,
390.392,227,
390.488,200,
390.583,229,
390.678,196,
390.774,239,
390.869,277,
390.964,278,
391.06,242,
391.155,183,
391.25,222,
391.345,194,
391.441,209,
391.536,259,
391.631,244,
391.727,271,
391.822,290,
391.917,250,
392.012,250,
392.108,270,
392.203,257,
392.298,249,
392.393,252,
392.489,262,
392.584,282,
392.679,275,
392.774,275,
392.87,290,
392.965,306,
393.06,307,
393.155,327,
393.251,359,
393.346,532,
393.441,1137,
393.536,2005,
393.632,5314,
393.727,7137,
393.822,1886,
393.917,408,
394.013,318,
394.108,280,
394.203,327,
394.298,346,
394.393,414,
394.489,584,
394.584,799,
394.679,1265,
394.774,1246,
394.869,456,
394.965,344,
395.06,327,
395.155,344,
395.25,351,
395.345,317,
395.44,335,
395.536,301,
395.631,365,
395.726,319,
395.821,367,
395.916,336,
396.011,356,
396.107,499,
396.202,798,
396.297,1180,
396.392,1964,
396.487,2077,
396.582,704,
396.677,436,
396.773,500,
396.868,992,
396.963,1731,
397.058,4209,
397.153,5936,
397.248,1749,
397.343,389,
397.438,356,
397.533,375,
397.629,360,
397.724,348,
397.819,339,
397.914,312,
398.009,305,
398.104,330,
398.199,357,
398.294,333,
398.389,348,
398.484,352,
398.579,318,
398.674,321,
398.77,346,
398.865,335,
398.96,305,
399.055,409,
399.15,415,
399.245,493,
399.34,492,
399.435,547,
399.53,566,
399.625,584,
399.72,648,
399.815,605,
399.91,589,
400.005,568,
400.1,498,
400.195,465,
400.29,348,
400.385,410,
400.48,410,
400.575,349,
400.67,381,
400.765,428,
400.86,373,
400.955,348,
401.05,326,
401.145,412,
401.24,338,
401.335,330,
401.43,336,
401.525,358,
401.62,360,
401.715,391,
401.81,353,
401.905,308,
402,357,
402.095,374,
402.189,352,
402.284,364,
402.379,417,
402.474,358,
402.569,449,
402.664,390,
402.759,452,
402.854,426,
402.949,430,
403.044,415,
403.139,417,
403.233,425,
403.328,455,
403.423,527,
403.518,434,
403.613,461,
403.708,413,
403.803,462,
403.898,475,
403.992,460,
404.087,460,
404.182,470,
404.277,473,
404.372,481,
404.467,486,
404.562,494,
404.656,522,
404.751,540,
404.846,515,
404.941,477,
405.036,470,
405.13,472,
405.225,495,
405.32,479,
405.415,442,
405.51,509,
405.604,419,
405.699,429,
405.794,390,
405.889,456,
405.984,447,
406.078,498,
406.173,409,
406.268,431,
406.363,493,
406.457,491,
406.552,525,
406.647,483,
406.742,484,
406.836,515,
406.931,540,
407.026,521,
407.12,514,
407.215,527,
407.31,587,
407.405,545,
407.499,521,
407.594,524,
407.689,630,
407.783,642,
407.878,720,
407.973,880,
408.067,617,
408.162,505,
408.257,529,
408.351,477,
408.446,499,
408.541,498,
408.635,466,
408.73,466,
408.825,488,
408.919,516,
409.014,522,
409.109,531,
409.203,532,
409.298,523,
409.392,557,
409.487,493,
409.582,521,
409.676,526,
409.771,548,
409.865,604,
409.96,527,
410.054,524,
410.149,554,
410.244,511,
410.338,582,
410.433,575,
410.527,543,
410.622,555,
410.716,580,
410.811,544,
410.905,515,
411,523,
411.094,493,
411.189,564,
411.283,507,
411.378,516,
411.472,527,
411.567,548,
411.661,486,
411.756,476,
411.85,532,
411.945,552,
412.039,495,
412.134,522,
412.228,526,
412.323,511,
412.417,477,
412.512,475,
412.606,505,
412.7,556,
412.795,518,
412.889,507,
412.984,505,
413.078,513,
413.173,504,
413.267,543,
413.361,504,
413.456,472,
413.55,515,
413.645,534,
413.739,474,
413.833,511,
413.928,456,
414.022,518,
414.116,493,
414.211,488,
414.305,503,
414.399,584,
414.494,527,
414.588,586,
414.682,539,
414.777,524,
414.871,517,
414.965,532,
415.06,522,
415.154,570,
415.248,547,
415.342,594,
415.437,508,
415.531,536,
415.625,527,
415.719,533,
415.814,533,
415.908,477,
416.002,506,
416.096,444,
416.191,525,
416.285,510,
416.379,540,
416.473,494,
416.568,504,
416.662,526,
416.756,530,
416.85,526,
416.944,515,
417.039,474,
417.133,508,
417.227,456,
417.321,534,
417.415,561,
417.509,548,
417.603,518,
417.698,544,
417.792,514,
417.886,552,
417.98,532,
418.074,556,
418.168,522,
418.262,568,
418.356,486,
418.45,575,
418.545,564,
418.639,486,
418.733,550,
418.827,545,
418.921,587,
419.015,547,
419.109,556,
419.203,575,
419.297,534,
419.391,553,
419.485,507,
419.579,582,
419.673,582,
419.767,559,
419.861,575,
419.955,551,
420.049,583,
420.143,559,
420.237,536,
420.331,538,
420.425,566,
420.519,494,
420.613,539,
420.707,484,
420.801,455,
420.895,495,
420.989,508,
421.083,486,
421.176,543,
421.27,555,
421.364,612,
421.458,623,
421.552,614,
421.646,720,
421.74,758,
421.834,656,
421.928,583,
422.021,549,
422.115,607,
422.209,590,
422.303,626,
422.397,639,
422.491,719,
422.584,1135,
422.678,1648,
422.772,3053,
422.866,4002,
422.96,1685,
423.053,646,
423.147,623,
423.241,570,
423.335,594,
423.428,582,
423.522,653,
423.616,577,
423.71,607,
423.803,621,
423.897,616,
423.991,586,
424.084,573,
424.178,605,
424.272,529,
424.366,583,
424.459,583,
424.553,581,
424.647,546,
424.74,523,
424.834,508,
424.928,538,
425.021,536,
425.115,544,
425.208,577,
425.302,517,
425.396,494,
425.489,570,
425.583,518,
425.676,559,
425.77,531,
425.864,511,
425.957,452,
426.051,488,
426.144,546,
426.238,538,
426.331,488,
426.425,490,
426.518,492,
426.612,486,
426.705,521,
426.799,444,
426.893,529,
426.986,480,
427.079,458,
427.173,461,
427.266,515,
427.36,458,
427.453,474,
427.547,460,
427.64,495,
427.734,488,
427.827,499,
427.921,474,
428.014,437,
428.107,483,
428.201,488,
428.294,534,
428.388,516,
428.481,525,
428.574,486,
428.668,456,
428.761,483,
428.854,486,
428.948,492,
429.041,489,
429.134,532,
429.228,529,
429.321,454,
429.414,485,
429.508,437,
429.601,417,
429.694,436,
429.787,461,
429.881,495,
429.974,445,
430.067,551,
430.16,630,
430.254,618,
430.347,646,
430.44,703,
430.533,651,
430.626,483,
430.72,545,
430.813,637,
430.906,524,
430.999,538,
431.092,559,
431.186,482,
431.279,502,
431.372,450,
431.465,485,
431.558,500,
431.651,521,
431.744,489,
431.837,453,
431.931,536,
432.024,586,
432.117,528,
432.21,513,
432.303,476,
432.396,470,
432.489,505,
432.582,510,
432.675,505,
432.768,490,
432.861,557,
432.954,449,
433.047,481,
433.14,495,
433.233,503,
433.326,459,
433.419,536,
433.512,509,
433.605,491,
433.698,456,
433.791,491,
433.884,554,
433.977,520,
434.07,500,
434.162,518,
434.255,550,
434.348,511,
434.441,564,
434.534,545,
434.627,596,
434.72,564,
434.813,591,
434.905,595,
434.998,649,
435.091,630,
435.184,532,
435.277,587,
435.369,507,
435.462,570,
435.555,564,
435.648,540,
435.741,528,
435.833,607,
435.926,593,
436.019,501,
436.112,516,
436.204,502,
436.297,509,
436.39,485,
436.482,511,
436.575,564,
436.668,532,
436.76,548,
436.853,516,
436.946,550,
437.038,558,
437.131,544,
437.224,511,
437.316,475,
437.409,488,
437.502,502,
437.594,470,
437.687,465,
437.779,426,
437.872,474,
437.964,476,
438.057,442,
438.15,449,
438.242,511,
438.335,424,
438.427,529,
438.52,515,
438.612,585,
438.705,516,
438.797,518,
438.89,452,
438.982,463,
439.074,504,
439.167,435,
439.259,504,
439.352,463,
439.444,467,
439.537,499,
439.629,488,
439.721,474,
439.814,524,
439.906,452,
439.999,450,
440.091,447,
440.183,461,
440.276,418,
440.368,469,
440.46,460,
440.553,474,
440.645,476,
440.737,500,
440.829,529,
440.922,463,
441.014,484,
441.106,477,
441.199,512,
441.291,510,
441.383,525,
441.475,492,
441.567,589,
441.66,557,
441.752,586,
441.844,564,
441.936,511,
442.028,511,
442.121,506,
442.213,493,
442.305,501,
442.397,507,
442.489,502,
442.581,495,
442.673,525,
442.765,545,
442.858,527,
442.95,578,
443.042,557,
443.134,513,
443.226,518,
443.318,514,
443.41,526,
443.502,557,
443.594,543,
443.686,571,
443.778,603,
443.87,667,
443.962,544,
444.054,508,
444.146,474,
444.238,544,
444.33,550,
444.422,560,
444.513,625,
444.605,583,
444.697,609,
444.789,665,
444.881,605,
444.973,644,
445.065,613,
445.157,591,
445.248,585,
445.34,585,
445.432,500,
445.524,534,
445.616,592,
445.708,617,
445.799,660,
445.891,689,
445.983,592,
446.075,502,
446.166,504,
446.258,454,
446.35,446,
446.441,449,
446.533,490,
446.625,429,
446.717,435,
446.808,436,
446.9,499,
446.992,458,
447.083,479,
447.175,445,
447.266,360,
447.358,427,
447.45,488,
447.541,463,
447.633,452,
447.724,423,
447.816,405,
447.908,468,
447.999,444,
448.091,415,
448.182,433,
448.274,449,
448.365,452,
448.457,429,
448.548,436,
448.64,395,
448.731,441,
448.823,422,
448.914,410,
449.005,388,
449.097,390,
449.188,431,
449.28,410,
449.371,395,
449.462,415,
449.554,413,
449.645,390,
449.737,424,
449.828,421,
449.919,417,
450.011,353,
450.102,393,
450.193,458,
450.284,413,
450.376,425,
450.467,372,
450.558,401,
450.649,463,
450.741,451,
450.832,435,
450.923,442,
451.014,437,
451.106,437,
451.197,376,
451.288,451,
451.379,448,
451.47,408,
451.561,429,
451.653,420,
451.744,392,
451.835,388,
451.926,401,
452.017,431,
452.108,433,
452.199,387,
452.29,395,
452.381,415,
452.472,440,
452.563,438,
452.654,408,
452.745,413,
452.836,374,
452.927,389,
453.018,414,
453.109,401,
453.2,399,
453.291,445,
453.382,391,
453.473,405,
453.564,373,
453.655,518,
453.746,593,
453.837,539,
453.927,508,
454.018,538,
454.109,449,
454.2,440,
454.291,383,
454.382,400,
454.472,385,
454.563,453,
454.654,363,
454.745,408,
454.836,369,
454.926,366,
455.017,391,
455.108,380,
455.198,432,
455.289,417,
455.38,368,
455.471,414,
455.561,387,
455.652,482,
455.743,482,
455.833,569,
455.924,509,
456.014,438,
456.105,373,
456.196,358,
456.286,401,
456.377,403,
456.467,426,
456.558,365,
456.648,406,
456.739,380,
456.829,391,
456.92,406,
457.01,410,
457.101,316,
457.191,355,
457.282,370,
457.372,418,
457.463,396,
457.553,394,
457.644,392,
457.734,392,
457.824,451,
457.915,405,
458.005,417,
458.095,398,
458.186,440,
458.276,416,
458.366,408,
458.457,392,
458.547,410,
458.637,413,
458.728,408,
458.818,405,
458.908,416,
458.998,431,
459.089,443,
459.179,444,
459.269,543,
459.359,435,
459.449,471,
459.54,458,
459.63,472,
459.72,476,
459.81,456,
459.9,463,
459.99,481,
460.08,531,
460.17,465,
460.261,479,
460.351,594,
460.441,561,
460.531,645,
460.621,605,
460.711,570,
460.801,591,
460.891,546,
460.981,532,
461.071,628,
461.161,701,
461.251,653,
461.341,635,
461.43,517,
461.52,490,
461.61,571,
461.7,506,
461.79,527,
461.88,578,
461.97,529,
462.06,517,
462.149,547,
462.239,579,
462.329,559,
462.419,564,
462.509,615,
462.598,646,
462.688,571,
462.778,644,
462.868,552,
462.957,594,
463.047,604,
463.137,651,
463.226,722,
463.316,744,
463.406,862,
463.495,884,
463.585,823,
463.675,754,
463.764,727,
463.854,688,
463.943,660,
464.033,608,
464.123,616,
464.212,642,
464.302,674,
464.391,644,
464.481,674,
464.57,749,
464.66,653,
464.749,665,
464.839,669,
464.928,593,
465.018,629,
465.107,568,
465.196,595,
465.286,647,
465.375,593,
465.465,653,
465.554,527,
465.643,545,
465.733,523,
465.822,543,
465.911,569,
466.001,541,
466.09,479,
466.179,536,
466.268,571,
466.358,539,
466.447,540,
466.536,508,
466.625,461,
466.715,552,
466.804,533,
466.893,515,
466.982,481,
467.071,455,
467.16,429,
467.249,462,
467.339,472,
467.428,467,
467.517,518,
467.606,519,
467.695,529,
467.784,486,
467.873,520,
467.962,569,
468.051,460,
468.14,445,
468.229,465,
468.318,453,
468.407,411,
468.496,438,
468.585,502,
468.674,427,
468.763,465,
468.852,466,
468.94,433,
469.029,419,
469.118,429,
469.207,487,
469.296,442,
469.385,442,
469.473,457,
469.562,491,
469.651,401,
469.74,474,
469.829,439,
469.917,432,
470.006,436,
470.095,515,
470.183,521,
470.272,488,
470.361,409,
470.449,499,
470.538,495,
470.627,477,
470.715,445,
470.804,483,
470.893,447,
470.981,454,
471.07,511,
471.158,461,
471.247,474,
471.335,454,
471.424,484,
471.512,461,
471.601,456,
471.689,479,
471.778,462,
471.866,472,
471.955,452,
472.043,417,
472.131,387,
472.22,490,
472.308,406,
472.397,454,
472.485,406,
472.573,427,
472.662,415,
472.75,417,
472.838,389,
472.927,422,
473.015,413,
473.103,421,
473.191,404,
473.28,381,
473.368,369,
473.456,433,
473.544,415,
473.632,395,
473.72,387,
473.809,427,
473.897,431,
473.985,381,
474.073,369,
474.161,405,
474.249,393,
474.337,371,
474.425,399,
474.513,347,
474.601,403,
474.689,444,
474.777,408,
474.865,377,
474.953,367,
475.041,374,
475.129,438,
475.217,440,
475.305,374,
475.393,378,
475.481,353,
475.569,390,
475.657,404,
475.744,378,
475.832,440,
475.92,385,
476.008,422,
476.096,421,
476.183,386,
476.271,347,
476.359,362,
476.447,449,
476.534,425,
476.622,402,
476.71,394,
476.798,360,
476.885,399,
476.973,433,
477.06,417,
477.148,394,
477.236,343,
477.323,365,
477.411,364,
477.498,426,
477.586,368,
477.674,362,
477.761,399,
477.849,401,
477.936,424,
478.024,400,
478.111,390,
478.198,440,
478.286,428,
478.373,435,
478.461,443,
478.548,394,
478.636,442,
478.723,484,
478.81,454,
478.898,417,
478.985,392,
479.072,468,
479.16,447,
479.247,399,
479.334,417,
479.421,431,
479.509,486,
479.596,530,
479.683,463,
479.77,488,
479.857,447,
479.945,461,
480.032,426,
480.119,461,
480.206,472,
480.293,418,
480.38,447,
480.467,477,
480.554,449,
480.641,458,
480.728,515,
480.815,451,
480.902,498,
480.989,519,
481.076,493,
481.163,488,
481.25,477,
481.337,486,
481.424,440,
481.511,388,
481.598,414,
481.685,388,
481.772,472,
481.858,429,
481.945,417,
482.032,406,
482.119,469,
482.206,433,
482.292,399,
482.379,436,
482.466,408,
482.553,382,
482.639,405,
482.726,442,
482.813,352,
482.899,392,
482.986,429,
483.073,433,
483.159,438,
483.246,393,
483.332,399,
483.419,368,
483.506,397,
483.592,381,
483.679,392,
483.765,424,
483.852,431,
483.938,453,
484.025,392,
484.111,385,
484.198,456,
484.284,423,
484.37,400,
484.457,385,
484.543,424,
484.63,465,
484.716,408,
484.802,510,
484.888,409,
484.975,417,
485.061,403,
485.147,454,
485.234,422,
485.32,449,
485.406,417,
485.492,462,
485.578,440,
485.665,426,
485.751,424,
485.837,454,
485.923,476,
486.009,454,
486.095,511,
486.181,483,
486.267,470,
486.354,452,
486.44,460,
486.526,470,
486.612,486,
486.698,504,
486.784,497,
486.87,445,
486.955,477,
487.041,417,
487.127,475,
487.213,513,
487.299,435,
487.385,474,
487.471,458,
487.557,479,
487.642,485,
487.728,486,
487.814,449,
487.9,423,
487.986,477,
488.071,457,
488.157,472,
488.243,449,
488.328,367,
488.414,459,
488.5,450,
488.585,497,
488.671,465,
488.757,421,
488.842,428,
488.928,440,
489.013,390,
489.099,418,
489.185,422,
489.27,430,
489.356,465,
489.441,435,
489.527,436,
489.612,424,
489.697,456,
489.783,423,
489.868,454,
489.954,410,
490.039,436,
490.124,438,
490.21,433,
490.295,460,
490.38,411,
490.466,402,
490.551,445,
490.636,470,
490.722,441,
490.807,422,
490.892,448,
490.977,418,
491.062,458,
491.148,431,
491.233,400,
491.318,446,
491.403,447,
491.488,458,
491.573,403,
491.658,404,
491.743,458,
491.828,440,
491.913,417,
491.998,446,
492.083,433,
492.168,396,
492.253,396,
492.338,458,
492.423,449,
492.508,417,
492.593,446,
492.678,483,
492.763,440,
492.848,422,
492.932,476,
493.017,484,
493.102,459,
493.187,428,
493.271,412,
493.356,404,
493.441,422,
493.526,500,
493.61,426,
493.695,437,
493.78,422,
493.864,450,
493.949,457,
494.034,488,
494.118,483,
494.203,468,
494.287,487,
494.372,540,
494.456,464,
494.541,451,
494.625,475,
494.71,470,
494.794,475,
494.879,440,
494.963,461,
495.048,430,
495.132,443,
495.216,387,
495.301,419,
495.385,402,
495.469,440,
495.554,488,
495.638,468,
495.722,441,
495.807,408,
495.891,415,
495.975,415,
496.059,453,
496.143,474,
496.228,461,
496.312,374,
496.396,423,
496.48,498,
496.564,435,
496.648,464,
496.732,417,
496.816,470,
496.9,479,
496.984,420,
497.068,484,
497.152,469,
497.236,493,
497.32,481,
497.404,428,
497.488,440,
497.572,411,
497.656,471,
497.74,463,
497.824,440,
497.908,429,
497.991,441,
498.075,521,
498.159,433,
498.243,483,
498.327,477,
498.41,495,
498.494,510,
498.578,488,
498.661,472,
498.745,513,
498.829,534,
498.912,595,
498.996,645,
499.079,648,
499.163,629,
499.247,608,
499.33,646,
499.414,644,
499.497,617,
499.581,562,
499.664,612,
499.748,667,
499.831,678,
499.914,674,
499.998,733,
500.081,845,
500.165,830,
500.248,834,
500.331,754,
500.415,893,
500.498,921,
500.581,880,
500.664,1006,
500.748,1114,
500.831,1256,
500.914,1229,
500.997,1367,
501.08,1267,
501.164,1278,
501.247,1192,
501.33,1292,
501.413,1276,
501.496,1268,
501.579,1141,
501.662,1119,
501.745,1064,
501.828,978,
501.911,958,
501.994,924,
502.077,974,
502.16,894,
502.243,868,
502.326,860,
502.409,816,
502.492,745,
502.575,708,
502.657,690,
502.74,687,
502.823,637,
502.906,675,
502.989,694,
503.071,632,
503.154,603,
503.237,642,
503.319,666,
503.402,580,
503.485,632,
503.567,557,
503.65,492,
503.733,545,
503.815,595,
503.898,543,
503.98,530,
504.063,496,
504.145,511,
504.228,516,
504.31,515,
504.393,509,
504.475,467,
504.558,543,
504.64,550,
504.722,572,
504.805,534,
504.887,511,
504.969,557,
505.052,579,
505.134,562,
505.216,566,
505.299,577,
505.381,624,
505.463,623,
505.545,601,
505.627,556,
505.71,500,
505.792,500,
505.874,498,
505.956,473,
506.038,510,
506.12,449,
506.202,431,
506.284,410,
506.366,442,
506.448,431,
506.53,402,
506.612,456,
506.694,396,
506.776,462,
506.858,439,
506.94,432,
507.022,429,
507.104,442,
507.185,434,
507.267,436,
507.349,426,
507.431,455,
507.513,468,
507.594,444,
507.676,417,
507.758,419,
507.839,394,
507.921,451,
508.003,393,
508.084,426,
508.166,397,
508.248,443,
508.329,408,
508.411,465,
508.492,422,
508.574,419,
508.655,437,
508.737,435,
508.818,405,
508.9,409,
508.981,409,
509.062,423,
509.144,399,
509.225,390,
509.306,420,
509.388,387,
509.469,396,
509.55,436,
509.632,413,
509.713,410,
509.794,426,
509.875,424,
509.957,442,
510.038,381,
510.119,351,
510.2,402,
510.281,455,
510.362,450,
510.443,402,
510.524,387,
510.605,463,
510.686,397,
510.767,430,
510.848,367,
510.929,342,
511.01,374,
511.091,419,
511.172,410,
511.253,371,
511.334,409,
511.415,437,
511.496,435,
511.576,431,
511.657,382,
511.738,406,
511.819,387,
511.899,445,
511.98,446,
512.061,436,
512.141,411,
512.222,412,
512.303,424,
512.383,403,
512.464,396,
512.545,389,
512.625,408,
512.706,401,
512.786,323,
512.867,379,
512.947,387,
513.028,396,
513.108,394,
513.188,373,
513.269,387,
513.349,390,
513.43,438,
513.51,414,
513.59,403,
513.671,426,
513.751,417,
513.831,478,
513.911,404,
513.992,398,
514.072,364,
514.152,389,
514.232,415,
514.312,370,
514.392,362,
514.473,406,
514.553,385,
514.633,376,
514.713,417,
514.793,411,
514.873,404,
514.953,438,
515.033,466,
515.113,403,
515.193,398,
515.273,410,
515.352,401,
515.432,459,
515.512,467,
515.592,470,
515.672,390,
515.752,428,
515.831,450,
515.911,465,
515.991,444,
516.07,415,
516.15,419,
516.23,447,
516.309,408,
516.389,369,
516.469,406,
516.548,483,
516.628,428,
516.707,420,
516.787,359,
516.866,444,
516.946,520,
517.025,486,
517.105,477,
517.184,460,
517.264,499,
517.343,535,
517.422,500,
517.502,470,
517.581,447,
517.66,445,
517.74,548,
517.819,487,
517.898,470,
517.977,527,
518.057,560,
518.136,632,
518.215,554,
518.294,607,
518.373,585,
518.452,594,
518.531,548,
518.611,580,
518.69,528,
518.769,541,
518.848,536,
518.927,531,
519.006,531,
519.085,540,
519.163,513,
519.242,573,
519.321,577,
519.4,589,
519.479,487,
519.558,472,
519.637,483,
519.715,539,
519.794,470,
519.873,447,
519.952,412,
520.03,435,
520.109,466,
520.188,479,
520.266,397,
520.345,430,
520.423,433,
520.502,419,
520.58,422,
520.659,361,
520.738,408,
520.816,380,
520.894,440,
520.973,428,
521.051,353,
521.13,390,
521.208,405,
521.286,394,
521.365,431,
521.443,387,
521.521,384,
521.6,415,
521.678,452,
521.756,417,
521.834,435,
521.913,392,
521.991,440,
522.069,391,
522.147,394,
522.225,399,
522.303,356,
522.381,369,
522.459,369,
522.537,373,
522.615,345,
522.693,361,
522.771,417,
522.849,401,
522.927,353,
523.005,316,
523.083,352,
523.161,362,
523.239,369,
523.317,337,
523.394,392,
523.472,399,
523.55,398,
523.628,405,
523.705,355,
523.783,365,
523.861,335,
523.938,394,
524.016,412,
524.094,335,
524.171,364,
524.249,380,
524.326,392,
524.404,402,
524.481,405,
524.559,378,
524.636,364,
524.714,406,
524.791,408,
524.868,360,
524.946,323,
525.023,406,
525.1,383,
525.178,379,
525.255,339,
525.332,346,
525.41,321,
525.487,383,
525.564,339,
525.641,324,
525.718,404,
525.795,350,
525.873,344,
525.95,389,
526.027,344,
526.104,390,
526.181,391,
526.258,376,
526.335,351,
526.412,368,
526.489,369,
526.566,394,
526.643,371,
526.719,378,
526.796,385,
526.873,366,
526.95,445,
527.027,438,
527.103,406,
527.18,401,
527.257,411,
527.334,485,
527.41,438,
527.487,380,
527.564,383,
527.64,397,
527.717,470,
527.793,482,
527.87,424,
527.946,423,
528.023,429,
528.099,420,
528.176,369,
528.252,342,
528.329,344,
528.405,344,
528.481,384,
528.558,454,
528.634,383,
528.71,385,
528.787,408,
528.863,421,
528.939,427,
529.015,394,
529.092,392,
529.168,429,
529.244,401,
529.32,359,
529.396,380,
529.472,394,
529.548,396,
529.624,377,
529.7,436,
529.776,411,
529.852,396,
529.928,405,
530.004,440,
530.08,385,
530.156,321,
530.232,385,
530.308,375,
530.384,451,
530.459,417,
530.535,367,
530.611,376,
530.687,362,
530.762,422,
530.838,396,
530.914,378,
530.989,369,
531.065,394,
531.141,397,
531.216,390,
531.292,360,
531.367,392,
531.443,411,
531.518,443,
531.594,381,
531.669,378,
531.744,433,
531.82,471,
531.895,430,
531.971,430,
532.046,396,
532.121,453,
532.196,445,
532.272,398,
532.347,408,
532.422,450,
532.497,408,
532.572,424,
532.648,417,
532.723,427,
532.798,414,
532.873,449,
532.948,417,
533.023,395,
533.098,431,
533.173,404,
533.248,403,
533.323,442,
533.398,478,
533.473,429,
533.548,407,
533.622,415,
533.697,459,
533.772,447,
533.847,415,
533.922,392,
533.996,419,
534.071,426,
534.146,432,
534.22,401,
534.295,437,
534.37,428,
534.444,449,
534.519,405,
534.593,399,
534.668,426,
534.742,511,
534.817,458,
534.891,442,
534.966,396,
535.04,418,
535.115,433,
535.189,433,
535.263,427,
535.338,374,
535.412,428,
535.486,424,
535.56,470,
535.635,420,
535.709,388,
535.783,443,
535.857,445,
535.931,422,
536.005,403,
536.079,372,
536.154,405,
536.228,421,
536.302,385,
536.376,381,
536.45,419,
536.523,433,
536.597,440,
536.671,430,
536.745,428,
536.819,407,
536.893,410,
536.967,433,
537.04,405,
537.114,444,
537.188,415,
537.262,408,
537.335,416,
537.409,445,
537.483,332,
537.556,381,
537.63,413,
537.703,408,
537.777,416,
537.85,410,
537.924,421,
537.997,401,
538.071,433,
538.144,417,
538.218,459,
538.291,483,
538.364,511,
538.438,446,
538.511,415,
538.584,387,
538.658,427,
538.731,470,
538.804,474,
538.877,445,
538.95,387,
539.024,424,
539.097,402,
539.17,433,
539.243,427,
539.316,422,
539.389,453,
539.462,394,
539.535,450,
539.608,390,
539.681,456,
539.754,446,
539.827,473,
539.899,427,
539.972,392,
540.045,373,
540.118,421,
540.191,455,
540.263,468,
540.336,383,
540.409,505,
540.481,488,
540.554,445,
540.627,408,
540.699,458,
540.772,401,
540.844,443,
540.917,420,
540.989,428,
541.062,383,
541.134,419,
541.207,426,
541.279,436,
541.352,441,
541.424,480,
541.496,433,
541.569,441,
541.641,445,
541.713,380,
541.785,392,
541.858,408,
541.93,484,
542.002,451,
542.074,465,
542.146,424,
542.218,443,
542.29,465,
542.362,405,
542.434,475,
542.506,394,
542.578,441,
542.65,458,
542.722,458,
542.794,442,
542.866,395,
542.938,413,
543.01,523,
543.081,435,
543.153,426,
543.225,378,
543.227,18,
543.376,18,
543.524,17,
543.673,7,
543.822,31,
543.971,23,
544.119,0,
544.268,46,
544.417,34,
544.565,29,
544.714,5,
544.862,46,
545.011,26,
545.16,25,
545.308,35,
545.457,18,
545.605,17,
545.754,58,
545.902,30,
546.051,32,
546.199,-4,
546.348,49,
546.496,19,
546.645,33,
546.793,10,
546.942,14,
547.09,56,
547.238,33,
547.387,27,
547.535,86,
547.684,53,
547.832,31,
547.98,11,
548.129,42,
548.277,65,
548.425,19,
548.574,35,
548.722,46,
548.87,40,
549.018,21,
549.167,26,
549.315,-9,
549.463,30,
549.611,22,
549.759,30,
549.907,30,
550.056,36,
550.204,20,
550.352,48,
550.5,57,
550.648,28,
550.796,53,
550.944,30,
551.092,62,
551.24,5,
551.388,24,
551.536,25,
551.684,18,
551.832,25,
551.98,21,
552.128,50,
552.276,32,
552.424,19,
552.572,28,
552.72,32,
552.868,47,
553.016,32,
553.164,13,
553.312,15,
553.46,55,
553.607,53,
553.755,41,
553.903,53,
554.051,77,
554.199,53,
554.346,61,
554.494,48,
554.642,42,
554.79,79,
554.937,39,
555.085,56,
555.233,3,
555.38,40,
555.528,42,
555.676,35,
555.823,65,
555.971,40,
556.118,21,
556.266,42,
556.414,50,
556.561,55,
556.709,56,
556.856,57,
557.004,32,
557.151,21,
557.299,61,
557.446,72,
557.594,49,
557.741,37,
557.889,55,
558.036,67,
558.184,66,
558.331,53,
558.478,19,
558.626,49,
558.773,39,
558.92,23,
559.068,19,
559.215,45,
559.362,67,
559.51,72,
559.657,25,
559.804,44,
559.952,76,
560.099,40,
560.246,104,
560.393,64,
560.54,33,
560.688,57,
560.835,10,
560.982,36,
561.129,42,
561.276,77,
561.423,55,
561.571,51,
561.718,16,
561.865,51,
562.012,37,
562.159,40,
562.306,53,
562.453,63,
562.6,51,
562.747,82,
562.894,2,
563.041,51,
563.188,61,
563.335,71,
563.482,44,
563.629,54,
563.775,67,
563.922,23,
564.069,29,
564.216,53,
564.363,78,
564.51,86,
564.657,57,
564.803,43,
564.95,32,
565.097,65,
565.244,36,
565.391,36,
565.537,37,
565.684,56,
565.831,41,
565.977,28,
566.124,19,
566.271,33,
566.417,72,
566.564,55,
566.711,37,
566.857,25,
567.004,49,
567.15,56,
567.297,30,
567.444,37,
567.59,55,
567.737,36,
567.883,47,
568.03,62,
568.176,51,
568.323,65,
568.469,55,
568.616,55,
568.762,35,
568.908,51,
569.055,51,
569.201,44,
569.348,49,
569.494,46,
569.64,52,
569.787,33,
569.933,28,
570.079,24,
570.226,43,
570.372,49,
570.518,19,
570.664,47,
570.811,60,
570.957,55,
571.103,18,
571.249,39,
571.396,28,
571.542,37,
571.688,42,
571.834,74,
571.98,32,
572.126,4,
572.272,65,
572.418,16,
572.565,27,
572.711,30,
572.857,32,
573.003,12,
573.149,19,
573.295,44,
573.441,44,
573.587,38,
573.733,23,
573.879,48,
574.024,52,
574.17,28,
574.316,38,
574.462,2,
574.608,12,
574.754,51,
574.9,72,
575.046,-1,
575.191,17,
575.337,44,
575.483,25,
575.629,23,
575.775,5,
575.92,69,
576.066,35,
576.212,45,
576.358,27,
576.503,26,
576.649,57,
576.795,37,
576.94,40,
577.086,81,
577.231,47,
577.377,29,
577.523,35,
577.668,77,
577.814,48,
577.959,28,
578.105,58,
578.25,32,
578.396,53,
578.541,37,
578.687,39,
578.832,37,
578.978,21,
579.123,76,
579.269,25,
579.414,32,
579.56,29,
579.705,12,
579.85,14,
579.996,27,
580.141,44,
580.286,24,
580.432,46,
580.577,49,
580.722,28,
580.868,24,
581.013,28,
581.158,49,
581.303,28,
581.448,27,
581.594,27,
581.739,39,
581.884,14,
582.029,20,
582.174,58,
582.319,21,
582.465,37,
582.61,37,
582.755,26,
582.9,39,
583.045,56,
583.19,34,
583.335,17,
583.48,37,
583.625,7,
583.77,57,
583.915,-4,
584.06,37,
584.205,49,
584.35,45,
584.495,28,
584.64,25,
584.784,23,
584.929,13,
585.074,39,
585.219,24,
585.364,27,
585.509,57,
585.653,20,
585.798,69,
585.943,51,
586.088,44,
586.232,45,
586.377,24,
586.522,7,
586.667,28,
586.811,11,
586.956,16,
587.101,48,
587.245,44,
587.39,19,
587.534,37,
587.679,23,
587.824,42,
587.968,51,
588.113,14,
588.257,26,
588.402,42,
588.546,28,
588.691,48,
588.835,72,
588.98,69,
589.124,72,
589.269,186,
589.413,1820,
589.557,2749,
589.702,359,
589.846,129,
589.991,982,
590.135,2251,
590.279,315,
590.424,116,
590.568,70,
590.712,37,
590.856,63,
591.001,44,
591.145,30,
591.289,53,
591.433,53,
591.578,48,
591.722,65,
591.866,51,
592.01,30,
592.154,40,
592.298,48,
592.443,111,
592.587,57,
592.731,56,
592.875,62,
593.019,42,
593.163,61,
593.307,91,
593.451,62,
593.595,44,
593.739,55,
593.883,45,
594.027,46,
594.171,38,
594.315,47,
594.459,69,
594.602,37,
594.746,72,
594.89,36,
595.034,24,
595.178,75,
595.322,70,
595.466,40,
595.609,42,
595.753,35,
595.897,59,
596.041,28,
596.184,58,
596.328,93,
596.472,46,
596.615,45,
596.759,58,
596.903,40,
597.046,44,
597.19,61,
597.334,44,
597.477,50,
597.621,76,
597.764,26,
597.908,72,
598.052,39,
598.195,58,
598.339,56,
598.482,58,
598.626,55,
598.769,71,
598.912,49,
599.056,28,
599.199,61,
599.343,30,
599.486,37,
599.629,51,
599.773,44,
599.916,45,
600.059,67,
600.203,34,
600.346,79,
600.489,23,
600.633,41,
600.776,51,
600.919,48,
601.062,62,
601.206,53,
601.349,70,
601.492,60,
601.635,53,
601.778,40,
601.921,58,
602.065,58,
602.208,41,
602.351,81,
602.494,81,
602.637,49,
602.78,65,
602.923,60,
603.066,18,
603.209,40,
603.352,1,
603.495,85,
603.638,59,
603.781,58,
603.924,72,
604.067,64,
604.21,61,
604.352,46,
604.495,48,
604.638,52,
604.781,33,
604.924,53,
605.067,66,
605.209,88,
605.352,47,
605.495,63,
605.638,40,
605.78,28,
605.923,49,
606.066,65,
606.209,62,
606.351,22,
606.494,21,
606.637,69,
606.779,47,
606.922,56,
607.064,79,
607.207,60,
607.349,58,
607.492,69,
607.635,37,
607.777,56,
607.92,49,
608.062,46,
608.205,48,
608.347,96,
608.489,65,
608.632,28,
608.774,14,
608.917,88,
609.059,42,
609.201,77,
609.344,60,
609.486,60,
609.628,69,
609.771,74,
609.913,37,
610.055,48,
610.198,46,
610.34,92,
610.482,71,
610.624,58,
610.766,91,
610.909,132,
611.051,78,
611.193,35,
611.335,39,
611.477,67,
611.619,54,
611.761,49,
611.904,53,
612.046,62,
612.188,47,
612.33,73,
612.472,65,
612.614,109,
612.756,138,
612.898,69,
613.04,69,
613.182,43,
613.323,77,
613.465,73,
613.607,47,
613.749,52,
613.891,42,
614.033,109,
614.175,75,
614.316,60,
614.458,57,
614.6,65,
614.742,95,
614.884,58,
615.025,49,
615.167,89,
615.309,81,
615.45,44,
615.592,56,
615.734,65,
615.875,70,
616.017,106,
616.159,95,
616.3,31,
616.442,84,
616.583,139,
616.725,228,
616.866,121,
617.008,72,
617.15,77,
617.291,49,
617.432,91,
617.574,81,
617.715,110,
617.857,95,
617.998,79,
618.14,75,
618.281,85,
618.422,109,
618.564,87,
618.705,60,
618.846,88,
618.988,102,
619.129,115,
619.27,88,
619.411,77,
619.553,71,
619.694,58,
619.835,73,
619.976,51,
620.118,84,
620.259,76,
620.4,55,
620.541,71,
620.682,44,
620.823,84,
620.964,24,
621.105,50,
621.246,51,
621.387,58,
621.528,60,
621.669,100,
621.81,75,
621.951,49,
622.092,88,
622.233,81,
622.374,53,
622.515,74,
622.656,99,
622.797,69,
622.938,81,
623.079,67,
623.22,41,
623.36,96,
623.501,48,
623.642,77,
623.783,42,
623.923,67,
624.064,71,
624.205,49,
624.346,64,
624.486,72,
624.627,78,
624.768,67,
624.908,36,
625.049,51,
625.19,74,
625.33,45,
625.471,47,
625.611,48,
625.752,76,
625.892,75,
626.033,26,
626.173,76,
626.314,95,
626.454,106,
626.595,69,
626.735,52,
626.876,52,
627.016,39,
627.156,83,
627.297,49,
627.437,49,
627.578,85,
627.718,79,
627.858,47,
627.999,31,
628.139,36,
628.279,80,
628.419,69,
628.56,45,
628.7,39,
628.84,60,
628.98,55,
629.12,72,
629.26,67,
629.401,48,
629.541,107,
629.681,70,
629.821,46,
629.961,31,
630.101,67,
630.241,39,
630.381,9,
630.521,35,
630.661,67,
630.801,97,
630.941,30,
631.081,44,
631.221,41,
631.361,88,
631.501,66,
631.641,34,
631.78,43,
631.92,99,
632.06,92,
632.2,84,
632.34,39,
632.48,66,
632.619,76,
632.759,42,
632.899,76,
633.039,85,
633.178,61,
633.318,28,
633.458,44,
633.597,34,
633.737,46,
633.877,37,
634.016,52,
634.156,54,
634.295,46,
634.435,53,
634.574,30,
634.714,25,
634.853,47,
634.993,49,
635.132,81,
635.272,46,
635.411,44,
635.551,18,
635.69,68,
635.83,35,
635.969,44,
636.108,104,
636.248,64,
636.387,81,
636.526,58,
636.666,56,
636.805,72,
636.944,48,
637.083,73,
637.223,46,
637.362,39,
637.501,67,
637.64,41,
637.78,37,
637.919,35,
638.058,56,
638.197,74,
638.336,25,
638.475,52,
638.614,56,
638.753,69,
638.892,44,
639.031,25,
639.17,49,
639.309,40,
639.448,83,
639.587,47,
639.726,74,
639.865,95,
640.004,49,
640.143,38,
640.282,39,
640.421,64,
640.56,61,
640.698,41,
640.837,63,
640.976,74,
641.115,32,
641.254,55,
641.392,67,
641.531,72,
641.67,54,
641.808,58,
641.947,30,
642.086,49,
642.224,52,
642.363,52,
642.502,39,
642.64,42,
642.779,58,
642.917,83,
643.056,58,
643.195,46,
643.333,45,
643.472,26,
643.61,58,
643.748,71,
643.887,49,
644.025,72,
644.164,74,
644.302,94,
644.441,162,
644.579,72,
644.717,80,
644.856,83,
644.994,65,
645.132,68,
645.271,70,
645.409,78,
645.547,74,
645.685,25,
645.824,81,
645.962,67,
646.1,68,
646.238,56,
646.376,77,
646.514,84,
646.653,119,
646.791,105,
646.929,46,
647.067,40,
647.205,104,
647.343,54,
647.481,56,
647.619,72,
647.757,76,
647.895,60,
648.033,60,
648.171,78,
648.309,74,
648.447,81,
648.585,72,
648.722,106,
648.86,70,
648.998,100,
649.136,81,
649.274,77,
649.412,95,
649.549,94,
649.687,94,
649.825,98,
649.963,84,
650.1,92,
650.238,117,
650.376,84,
650.513,58,
650.651,111,
650.789,102,
650.926,74,
651.064,77,
651.201,98,
651.339,115,
651.476,81,
651.614,81,
651.751,70,
651.889,60,
652.026,82,
652.164,72,
652.301,84,
652.439,88,
652.576,79,
652.713,72,
652.851,72,
652.988,86,
653.126,118,
653.263,78,
653.4,58,
653.537,96,
653.675,72,
653.812,95,
653.949,98,
654.086,88,
654.224,88,
654.361,95,
654.498,99,
654.635,74,
654.772,62,
654.909,131,
655.047,102,
655.184,86,
655.321,95,
655.458,112,
655.595,114,
655.732,128,
655.869,127,
656.006,157,
656.143,141,
656.28,169,
656.417,224,
656.554,229,
656.69,276,
656.827,315,
656.964,259,
657.101,210,
657.238,229,
657.375,171,
657.512,218,
657.648,160,
657.785,127,
657.922,127,
658.059,107,
658.195,130,
658.332,113,
658.469,93,
658.605,111,
658.742,100,
658.879,95,
659.015,77,
659.152,92,
659.288,71,
659.425,103,
659.561,98,
659.698,49,
659.835,98,
659.971,100,
660.107,74,
660.244,64,
660.38,88,
660.517,69,
660.653,69,
660.79,92,
660.926,93,
661.062,44,
661.199,79,
661.335,71,
661.471,63,
661.608,74,
661.744,54,
661.88,77,
662.016,64,
662.153,85,
662.289,102,
662.425,78,
662.561,66,
662.697,72,
662.833,60,
662.97,67,
663.106,60,
663.242,78,
663.378,91,
663.514,79,
663.65,94,
663.786,41,
663.922,55,
664.058,94,
664.194,92,
664.33,62,
664.466,76,
664.602,88,
664.738,61,
664.873,74,
665.009,72,
665.145,84,
665.281,95,
665.417,72,
665.553,76,
665.688,95,
665.824,97,
665.96,91,
666.095,56,
666.231,105,
666.367,61,
666.503,104,
666.638,73,
666.774,81,
666.909,76,
667.045,87,
667.181,91,
667.316,68,
667.452,46,
667.587,69,
667.723,52,
667.858,90,
667.994,28,
668.129,50,
668.265,60,
668.4,85,
668.536,60,
668.671,99,
668.806,109,
668.942,102,
669.077,65,
669.212,32,
669.348,81,
669.483,65,
669.618,90,
669.753,61,
669.889,74,
670.024,54,
670.159,95,
670.294,74,
670.429,92,
670.565,90,
670.7,94,
670.835,60,
670.97,116,
671.105,414,
671.24,1816,
671.375,523,
671.51,107,
671.645,70,
671.78,81,
671.915,73,
672.05,82,
672.185,77,
672.32,91,
672.455,118,
672.59,76,
672.725,65,
672.859,39,
672.994,59,
673.129,91,
673.264,88,
673.399,81,
673.533,81,
673.668,67,
673.803,81,
673.938,81,
674.072,53,
674.207,84,
674.342,51,
674.476,65,
674.611,63,
674.746,80,
674.88,67,
675.015,81,
675.149,58,
675.284,63,
675.418,30,
675.553,55,
675.687,103,
675.822,94,
675.956,80,
676.091,63,
676.225,61,
676.359,67,
676.494,78,
676.628,74,
676.763,49,
676.897,46,
677.031,57,
677.165,60,
677.3,67,
677.434,81,
677.568,60,
677.702,58,
677.837,44,
677.971,68,
678.105,70,
678.239,85,
678.373,58,
678.507,37,
678.641,72,
678.776,45,
678.91,50,
679.044,72,
679.178,63,
679.312,37,
679.446,55,
679.58,77,
679.714,81,
679.848,74,
679.981,72,
680.115,54,
680.249,85,
680.383,56,
680.517,74,
680.651,53,
680.785,46,
680.918,49,
681.052,46,
681.186,73,
681.32,51,
681.453,38,
681.587,32,
681.721,53,
681.854,46,
681.988,70,
682.122,74,
682.255,47,
682.389,43,
682.522,46,
682.656,45,
682.79,50,
682.923,58,
683.057,25,
683.19,67,
683.324,46,
683.457,51,
683.59,39,
683.724,44,
683.857,39,
683.991,23,
684.124,39,
684.257,46,
684.391,39,
684.524,14,
684.657,10,
684.791,40,
684.924,40,
685.057,32,
685.19,39,
685.324,41,
685.457,32,
685.59,30,
685.723,30,
685.856,55,
685.989,94,
686.122,42,
686.255,71,
686.388,77,
686.522,68,
686.655,54,
686.788,33,
686.921,66,
687.054,35,
687.186,46,
687.319,48,
687.452,58,
687.585,24,
687.718,77,
687.851,61,
687.984,57,
688.117,51,
688.249,65,
688.382,45,
688.515,51,
688.648,55,
688.78,26,
688.913,38,
689.046,47,
689.179,28,
689.311,43,
689.444,63,
689.576,44,
689.709,50,
689.842,47,
689.974,26,
690.107,21,
690.239,12,
690.372,61,
690.504,60,
690.637,53,
690.769,33,
690.902,53,
691.034,72,
691.167,51,
691.299,44,
691.431,19,
691.564,60,
691.696,47,
691.828,53,
691.961,51,
692.093,40,
692.225,66,
692.357,62,
692.49,41,
692.622,21,
692.754,28,
692.886,70,
693.018,49,
693.15,13,
693.283,27,
693.415,52,
693.547,55,
693.679,26,
693.811,28,
693.943,23,
694.075,47,
694.207,23,
694.339,34,
694.471,23,
694.603,43,
694.735,59,
694.867,10,
694.998,30,
695.13,58,
695.262,69,
695.394,26,
695.526,33,
695.658,46,
695.789,56,
695.921,39,
696.053,87,
696.184,58,
696.316,23,
696.448,61,
696.579,48,
696.711,28,
696.843,19,
696.974,51,
697.106,53,
697.237,35,
697.369,37,
697.501,48,
697.632,32,
697.764,31,
697.895,49,
698.026,32,
698.158,80,
698.289,19,
698.421,10,
698.552,23,
698.683,37,
698.815,46,
698.946,25,
699.077,18,
699.209,53,
699.34,77,
699.471,47,
699.603,26,
699.734,40,
699.865,21,
699.996,58,
700.127,47,
700.258,27,
700.39,65,
700.521,44,
700.652,49,
700.783,39,
700.914,65,
701.045,40,
701.176,40,
701.307,68,
701.438,12,
701.569,51,
701.7,46,
701.831,51,
701.962,54,
702.092,32,
702.223,40,
702.354,67,
702.485,28,
702.616,31,
702.747,58,
702.877,48,
703.008,51,
703.139,34,
703.269,37,
703.4,36,
703.531,49,
703.661,41,
703.792,62,
703.923,51,
704.053,40,
704.184,11,
704.314,18,
704.445,39,
704.576,37,
704.706,44,
704.837,39,
704.967,32,
705.097,44,
705.228,5,
705.358,7,
705.489,63,
705.619,56,
705.749,13,
705.88,23,
706.01,56,
706.14,33,
706.271,47,
706.401,29,
706.531,37,
706.661,47,
706.792,60,
706.922,42,
707.052,16,
707.182,45,
707.312,54,
707.442,12,
707.572,30,
707.703,55,
707.833,49,
707.963,46,
708.093,42,
708.223,57,
708.353,28,
708.483,44,
708.613,44,
708.742,4,
708.872,17,
709.002,59,
709.132,70,
709.262,27,
709.392,59,
709.522,28,
709.651,44,
709.781,46,
709.911,14,
710.041,47,
710.17,46,
710.3,2,
710.43,-4,
710.559,43,
710.689,41,
710.819,37,
710.948,16,
711.078,40,
711.207,47,
711.337,28,
711.467,23,
711.596,41,
711.725,50,
711.855,51,
711.984,33,
712.114,55,
712.243,31,
712.373,32,
712.502,37,
712.631,-2,
712.761,23,
712.89,61,
713.019,10,
713.149,35,
713.278,13,
713.407,52,
713.536,37,
713.666,37,
713.795,57,
713.924,58,
714.053,35,
714.182,81,
714.311,25,
714.44,42,
714.569,60,
714.698,31,
714.828,60,
714.957,18,
715.086,65,
715.215,98,
715.343,81,
715.472,51,
715.601,51,
715.73,35,
715.859,41,
715.988,53,
716.117,49,
716.246,60,
716.374,53,
716.503,62,
716.632,46,
716.761,35,
716.889,71,
717.018,68,
717.147,38,
717.276,15,
717.404,36,
717.533,51,
717.661,25,
717.79,10,
717.919,32,
718.047,38,
718.176,23,
718.304,16,
718.433,11,
718.561,10,
718.69,26,
718.818,24,
718.946,41,
719.075,37,
719.203,44,
719.332,15,
719.46,5,
719.588,44,
719.717,37,
719.845,30,
719.973,43,
720.101,28,
720.23,39,
720.358,55,
720.486,47,
720.614,41,
720.742,43,
720.87,0,
720.999,55,
721.127,49,
721.255,42,
721.383,47,
721.511,53,
721.639,26,
721.767,58,
721.895,42,
722.023,25,
722.151,61,
722.279,20,
722.406,58,
722.534,5,
722.662,48,
722.79,55,
722.918,45,
723.046,63,
723.173,40,
723.301,33,
723.429,7,
723.557,48,
723.684,4,
723.812,44,
723.94,22,
724.067,44,
724.195,44,
724.323,49,
724.45,30,
724.578,53,
724.705,46,
724.833,40,
724.96,51,
725.088,42,
725.215,60,
725.343,30,
725.47,41,
725.598,20,
725.725,17,
725.852,58,
725.98,23,
726.107,44,
726.234,39,
726.362,43,
726.489,16,
726.616,37,
726.743,63,
726.871,48,
726.998,48,
727.125,35,
727.252,41,
727.379,37,
727.506,43,
727.634,34,
727.761,33,
727.888,18,
728.015,106,
728.142,30,
728.269,23,
728.396,31,
728.523,24,
728.65,54,
728.777,24,
728.903,51,
729.03,60,
729.157,54,
729.284,36,
729.411,14,
729.538,26,
729.664,51,
729.791,59,
729.918,40,
730.045,11,
730.171,49,
730.298,82,
730.425,74,
730.551,60,
730.678,41,
730.805,35,
730.931,58,
731.058,53,
731.184,36,
731.311,54,
731.437,14,
731.564,44,
731.69,62,
731.817,32,
731.943,46,
732.07,40,
732.196,32,
732.322,42,
732.449,60,
732.575,60,
732.701,37,
732.828,40,
732.954,67,
733.08,46,
733.206,21,
733.333,47,
733.459,25,
733.585,44,
733.711,51,
733.837,40,
733.963,43,
734.089,55,
734.215,24,
734.342,44,
734.468,21,
734.594,56,
734.72,51,
734.846,35,
734.972,37,
735.097,19,
735.223,35,
735.349,41,
735.475,18,
735.601,46,
735.727,37,
735.853,39,
735.978,46,
736.104,54,
736.23,35,
736.356,47,
736.481,21,
736.607,39,
736.733,53,
736.858,20,
736.984,51,
737.11,58,
737.235,53,
737.361,62,
737.486,58,
737.612,53,
737.737,53,
737.863,34,
737.988,47,
738.114,96,
738.239,71,
738.365,2,
738.49,67,
738.615,55,
738.741,44,
738.866,51,
738.992,65,
739.117,44,
739.242,61,
739.367,40,
739.493,57,
739.618,22,
739.743,53,
739.868,35,
739.993,51,
740.118,62,
740.244,41,
740.369,41,
740.494,35,
740.619,35,
740.744,41,
740.869,52,
740.994,58,
741.119,70,
741.244,33,
741.369,40,
741.494,98,
741.618,44,
741.743,53,
741.868,60,
741.993,51,
742.118,28,
742.243,63,
742.367,63,
742.492,64,
742.617,88,
742.742,253,
742.866,362,
742.991,204,
743.116,131,
743.24,95,
743.365,67,
743.489,42,
743.614,53,
743.739,69,
743.863,62,
743.988,72,
744.112,88,
744.237,88,
744.361,107,
744.485,162,
744.61,492,
744.734,656,
744.859,412,
744.983,209,
745.107,147,
745.232,116,
745.356,76,
745.48,74,
745.604,64,
745.729,77,
745.853,77,
745.977,51,
746.101,51,
746.225,79,
746.349,51,
746.474,88,
746.598,79,
746.722,67,
746.846,100,
746.97,139,
747.094,279,
747.218,741,
747.342,1007,
747.466,555,
747.59,326,
747.713,201,
747.837,135,
747.961,125,
748.085,125,
748.209,109,
748.333,102,
748.456,116,
748.58,107,
748.704,68,
748.828,44,
748.951,72,
749.075,80,
749.199,87,
749.322,86,
749.446,67,
749.57,83,
749.693,33,
749.817,54,
749.94,43,
750.064,75,
750.187,39,
750.311,73,
750.434,60,
750.558,42,
750.681,118,
750.804,67,
750.928,72,
751.051,48,
751.174,15,
751.298,42,
751.421,81,
751.544,51,
751.667,44,
751.791,65,
751.914,51,
752.037,58,
752.16,54,
752.283,105,
752.407,20,
752.53,31,
752.653,44,
752.776,39,
752.899,52,
753.022,59,
753.145,58,
753.268,68,
753.391,49,
753.514,61,
753.637,53,
753.76,56,
753.882,78,
754.005,53,
754.128,37,
754.251,36,
754.374,34,
754.496,33,
754.619,71,
754.742,69,
754.865,24,
754.987,50,
755.11,50,
755.233,44,
755.355,45,
755.478,58,
755.6,67,
755.723,53,
755.846,47,
755.968,58,
756.091,58,
756.213,69,
756.336,24,
756.458,59,
756.58,70,
756.703,81,
756.825,72,
756.948,67,
757.07,47,
757.192,37,
757.314,74,
757.437,79,
757.559,46,
757.681,51,
757.803,60,
757.926,67,
758.048,53,
758.17,93,
758.292,76,
758.414,54,
758.536,27,
758.658,42,
758.78,36,
758.902,67,
759.024,-9,
759.146,74,
759.268,60,
759.39,60,
759.512,67,
759.634,66,
759.756,61,
759.878,83,
760,74,
760.122,39,
760.243,50,
760.365,25,
760.487,72,
760.609,83,
760.73,42,
760.852,5,
760.974,74,
761.095,30,
761.217,74,
761.339,28,
761.46,83,
761.582,19,
761.703,85,
761.825,30,
761.946,86,
762.068,35,
762.189,72,
762.311,44,
762.432,51,
762.553,115,
762.675,84,
762.796,49,
762.918,43,
763.039,65,
763.16,51,
763.281,32,
763.403,31,
763.524,37,
763.645,65,
763.766,67,
763.887,76,
764.009,106,
764.13,52,
764.251,74,
764.372,52,
764.493,28,
764.614,74,
764.735,113,
764.856,56,
764.977,74,
765.098,49,
765.219,86,
765.34,77,
765.461,57,
765.582,69,
765.702,79,
765.823,85,
765.944,50,
766.065,100,
766.186,153,
766.306,88,
766.427,89,
766.548,105,
766.668,289,
766.789,1501,
766.91,3784,
767.03,1698,
767.151,458,
767.272,224,
767.392,160,
767.513,110,
767.633,111,
767.754,57,
767.874,94,
767.995,53,
768.115,51,
768.235,81,
768.356,65,
768.476,79,
768.596,79,
768.717,88,
768.837,56,
768.957,62,
769.078,74,
769.198,72,
769.318,81,
769.438,78,
769.558,100,
769.679,65,
769.799,77,
769.919,90,
770.039,166,
770.159,563,
770.279,2537,
770.399,1946,
770.519,485,
770.639,183,
770.759,126,
770.879,95,
770.999,95,
771.119,90,
771.239,54,
771.358,93,
771.478,85,
771.598,88,
771.718,56,
771.838,58,
771.957,71,
772.077,77,
772.197,66,
772.316,81,
772.436,56,
772.556,72,
772.675,46,
772.795,56,
772.915,55,
773.034,70,
773.154,81,
773.273,68,
773.393,60,
773.512,69,
773.632,74,
773.751,83,
773.87,71,
773.99,37,
774.109,81,
774.228,70,
774.348,68,
774.467,44,
774.586,97,
774.706,88,
774.825,72,
774.944,50,
775.063,72,
775.182,62,
775.302,67,
775.421,26,
775.54,78,
775.659,105,
775.778,129,
775.897,100,
776.016,85,
776.135,99,
776.254,95,
776.373,67,
776.492,98,
776.611,160,
776.73,132,
776.848,170,
776.967,185,
777.086,185,
777.205,277,
777.324,459,
777.442,897,
777.561,2302,
777.68,2895,
777.799,2768,
777.917,2848,
778.036,1820,
778.155,931,
778.273,512,
778.392,345,
778.51,287,
778.629,236,
778.747,186,
778.866,178,
778.984,116,
779.103,145,
779.221,120,
779.34,107,
779.458,88,
779.576,72,
779.695,74,
779.813,116,
779.931,88,
780.05,101,
780.168,102,
780.286,123,
780.404,148,
780.523,127,
780.641,71,
780.759,79,
780.877,106,
780.995,92,
781.113,79,
781.231,97,
781.349,106,
781.467,58,
781.585,65,
781.703,67,
781.821,79,
781.939,67,
782.057,42,
782.175,37,
782.293,65,
782.411,90,
782.528,63,
782.646,63,
782.764,65,
782.882,85,
783,79,
783.117,48,
783.235,49,
783.353,81,
783.47,81,
783.588,74,
783.706,56,
783.823,78,
783.941,91,
784.058,76,
784.176,74,
784.293,62,
784.411,68,
784.528,92,
784.646,107,
784.763,70,
784.88,72,
784.998,62,
785.115,97,
785.232,86,
785.35,55,
785.467,62,
785.584,81,
785.701,40,
785.819,46,
785.936,63,
786.053,76,
786.17,71,
786.287,89,
786.404,78,
786.521,111,
786.639,67,
786.756,56,
786.873,54,
786.99,72,
787.107,104,
787.223,90,
787.34,51,
787.457,44,
787.574,57,
787.691,45,
787.808,97,
787.925,65,
788.041,67,
788.158,76,
788.275,72,
788.392,65,
788.508,72,
788.625,81,
788.742,85,
788.858,60,
788.975,73,
789.092,77,
789.208,81,
789.325,70,
789.441,39,
789.558,79,
789.674,68,
789.791,44,
789.907,62,
790.024,88,
790.14,93,
790.256,74,
790.373,71,
790.489,67,
790.605,77,
790.722,56,
790.838,63,
790.954,109,
791.07,83,
791.187,67,
791.303,56,
791.419,71,
791.535,92,
791.651,87,
791.767,70,
791.883,89,
791.999,58,
792.115,97,
792.231,91,
792.347,60,
792.463,63,
792.579,95,
792.695,114,
792.811,83,
792.927,70,
793.043,86,
793.158,97,
793.274,75,
793.39,97,
793.506,72,
793.621,67,
793.737,67,
793.853,47,
793.969,46,
794.084,71,
794.2,99,
794.315,100,
794.431,65,
794.547,51,
794.662,103,
794.778,94,
794.893,106,
795.008,118,
795.124,231,
795.239,318,
795.355,217,
795.47,227,
795.585,254,
795.701,216,
795.816,150,
795.931,114,
796.047,66,
796.162,97,
796.277,79,
796.392,92,
796.507,51,
796.623,63,
796.738,74,
796.853,56,
796.968,32,
797.083,52,
797.198,86,
797.313,88,
797.428,62,
797.543,82,
797.658,95,
797.773,99,
797.888,57,
798.003,61,
798.117,65,
798.232,56,
798.347,39,
798.462,43,
798.577,53,
798.691,63,
798.806,54,
798.921,61,
799.035,81,
799.15,57,
799.265,69,
799.379,51,
799.494,33,
799.609,83,
799.723,78,
799.838,56,
799.952,25,
800.067,47,
800.181,76,
800.295,72,
800.41,35,
800.524,81,
800.639,56,
800.753,63,
800.867,71,
800.982,62,
801.096,65,
801.21,65,
801.324,39,
801.438,48,
801.553,32,
801.667,77,
801.781,59,
801.895,55,
802.009,60,
802.123,69,
802.237,64,
802.351,46,
802.465,68,
802.579,62,
802.693,56,
802.807,63,
802.921,58,
803.035,62,
803.149,36,
803.263,95,
803.376,60,
803.49,48,
803.604,75,
803.718,84,
803.831,60,
803.945,74,
804.059,72,
804.172,84,
804.286,39,
804.4,79,
804.513,97,
804.627,75,
804.74,49,
804.854,69,
804.967,72,
805.081,44,
805.194,72,
805.308,90,
805.421,60,
805.535,93,
805.648,70,
805.761,74,
805.875,63,
805.988,87,
806.101,51,
806.214,25,
806.328,40,
806.441,62,
806.554,45,
806.667,87,
806.78,74,
806.893,56,
807.006,82,
807.12,67,
807.233,82,
807.346,59,
807.459,37,
807.572,60,
807.685,65,
807.797,32,
807.91,63,
808.023,51,
808.136,44,
808.249,62,
808.362,79,
808.475,68,
808.587,59,
808.7,55,
808.813,54,
808.925,37,
809.038,56,
809.151,47,
809.263,73,
809.376,58,
809.489,20,
809.601,51,
809.714,67,
809.826,60,
809.939,61,
810.051,16,
810.164,63,
810.276,51,
810.388,67,
810.501,61,
810.613,68,
810.725,102,
810.838,74,
810.95,32,
811.062,37,
811.175,60,
811.287,53,
811.399,67,
811.511,68,
811.623,47,
811.735,89,
811.847,60,
811.96,83,
812.072,109,
812.184,63,
812.296,51,
812.408,95,
812.52,77,
812.632,67,
812.743,70,
812.855,86,
812.967,72,
813.079,70,
813.191,85,
813.303,58,
